1.643146141732512611e+00 1.162669248817407208e+01 -8.691749267737991849e-03 2.850525399232979318e+00
2.779018237802362901e+00 8.519413957952028937e+00 -4.266760376551942922e-03 2.993759501244090071e+00
4.262680192715885497e+00 4.031189048685380527e+00 -1.630182290589020930e-03 1.327568291447560833e+00
5.758213598154340751e+00 2.388369754169148873e+00 -6.479136786272720683e-04 6.309025998008739311e-01
7.251325945086356306e+00 1.603791870878929604e+00 1.239528810136535705e-03 3.556090584578291414e-01
8.744895523553605443e+00 1.152700263127178326e+00 -3.851705421650690789e-04 2.110561027903648801e-01
1.023859614574877241e+01 8.682458100436913906e-01 9.355022076310002318e-04 1.345642963255262170e-01
1.173241051394183820e+01 6.761609740531012713e-01 1.763978709756394150e-04 9.055814051940622167e-02
1.322625116955945224e+01 5.393110621298573548e-01 -2.606749769443805683e-05 6.382377308420235373e-02
1.472025307604481092e+01 4.386260046352740694e-01 9.108993591669105761e-04 4.517485775622210459e-02
1.621438669294068191e+01 3.618856886800945194e-01 6.963978014945757531e-04 3.372933817094608128e-02
1.770846475898249395e+01 3.024935936196779251e-01 7.607730199501545540e-04 2.570339726720651669e-02
1.920274700836396775e+01 2.551145773828882302e-01 5.405011882095988197e-04 1.963123625122378466e-02
2.069698465625921813e+01 2.171025727487749801e-01 5.689683266242087905e-04 1.519047837088852854e-02
2.219133995454532027e+01 1.861284828784922074e-01 5.600717307548397621e-04 1.181932269086280463e-02
2.368567550155274049e+01 1.605229734020402754e-01 4.159540534330028231e-04 9.660663704925444295e-03
2.518018769686702640e+01 1.392944080679845431e-01 7.048099333674340218e-06 8.029479871372188771e-03
2.667465678383922523e+01 1.213583711365890383e-01 3.453350189337880223e-04 6.620908143414990822e-03
2.816915137323604057e+01 1.063259459792516015e-01 1.687044781362242877e-04 5.521291429190443821e-03
2.966370018762559013e+01 9.333913844704530560e-02 -4.411569934381606625e-05 4.276605634732587834e-03
3.115826283154039800e+01 8.242406070201567514e-02 -1.336106022046378101e-05 3.749703173508738691e-03
3.265286566430729920e+01 7.290030982597307807e-02 2.788528060027997734e-04 3.727298246214715699e-03
3.414750479928033400e+01 6.479977783913502820e-02 1.510545241189072856e-04 3.083715329268112235e-03
3.564217824209095653e+01 5.754327824941677522e-02 2.961770295374780478e-04 2.530274249727201916e-03
3.713681903409949570e+01 5.135114089863102027e-02 4.192962225806549622e-04 2.380615935912057477e-03
3.863153149291942157e+01 4.599406036841997142e-02 3.210041348551826899e-04 2.237273236708714821e-03
4.012626441151913070e+01 4.110012865357813572e-02 3.446779941231801992e-04 2.003329081121910712e-03
4.162095980552304297e+01 3.692648538452698165e-02 4.901522733467029037e-04 1.686614856552881266e-03
4.311572722335247221e+01 3.320679102943815963e-02 5.898778572953394719e-04 1.509572510637793808e-03
4.461048728034145228e+01 2.986382240888212428e-02 5.130144392601303357e-04 1.298383516191385601e-03
4.610521046466033823e+01 2.700623896238243601e-02 7.051265389556680020e-04 1.390737050619912955e-03
4.760001668364231620e+01 2.438360778085223168e-02 8.391683641210437002e-04 1.552763091096716948e-03
4.909482940344498303e+01 2.208565828011118531e-02 1.081722220176515713e-03 1.531153775850874156e-03
5.058961687262912932e+01 2.000861013901766502e-02 1.262123564629699310e-03 1.788073446904645501e-03
5.208444859968889062e+01 1.811253818306689245e-02 1.137191428924840377e-03 1.759092826390849275e-03
5.357927012623626695e+01 1.641814367018677029e-02 1.391476900532448956e-03 1.552637793829480389e-03
5.507410076907341079e+01 1.500589565339920106e-02 1.506932320652215173e-03 1.884506251192155602e-03
5.656894849537492576e+01 1.358859912749878392e-02 1.539927178784577166e-03 1.839420985810546290e-03
5.806375563850779997e+01 1.243909139625171828e-02 1.782624311525982759e-03 2.188514175995703165e-03
5.955865292029223923e+01 1.134993571276886500e-02 2.006658914080956032e-03 2.168298141748685199e-03
6.105350358637338104e+01 1.039629972795873790e-02 2.233661577850752991e-03 2.334009896442990756e-03
6.254834598848891858e+01 9.477041487200722758e-03 2.503995646506853006e-03 2.595930431108214864e-03
6.404321477403135532e+01 8.676565182569793283e-03 2.800838945662521753e-03 2.954507058666444846e-03
6.553809690100173668e+01 7.902383797771632412e-03 2.858572261042718020e-03 3.310240876408756215e-03
6.703299517391489815e+01 7.278439082506672764e-03 3.031538811751836610e-03 3.572773306142315065e-03
6.852786430623889657e+01 6.690040020005139434e-03 3.325048263120649120e-03 4.007469878554778889e-03
7.002274996263548701e+01 6.155603000366216548e-03 3.656958368379278120e-03 4.509297563354432332e-03
7.151766005398441450e+01 5.704515786989915356e-03 4.082498620467584806e-03 4.909186412362951356e-03
7.301254579248706023e+01 5.328561550996792351e-03 4.369030175095113197e-03 5.535688105713133106e-03
7.450746625429704295e+01 4.923690612916085604e-03 4.761100437757349348e-03 5.975394815186055135e-03
7.600236268603403289e+01 4.523216134363013813e-03 5.079904866614400570e-03 6.671165708949192488e-03
7.749728216838491335e+01 4.294378238241294485e-03 5.574921570154459279e-03 7.432544488351669129e-03
7.899218608928816820e+01 4.159465913463345973e-03 6.178924497090752810e-03 8.353143323665613781e-03
8.048711789498592850e+01 4.007530986831383570e-03 6.857327598210174839e-03 9.440104457124599835e-03
8.198204256631005649e+01 4.052484767234671922e-03 7.774198205713865606e-03 1.123217818174301712e-02
8.347698778644097217e+01 4.230779584376031556e-03 9.002292469448381490e-03 1.349845651363735903e-02
8.497190218066695877e+01 4.314905562272047454e-03 9.840303374832553782e-03 1.473709787791637089e-02
8.646680089004311753e+01 4.242257939503458683e-03 9.058039513738005630e-03 1.335000095933688152e-02
8.796172386925121600e+01 4.097767668392124189e-03 7.514531557781124749e-03 1.096395741363281016e-02
8.945668024522716166e+01 4.119382804732114704e-03 6.502422690247542172e-03 9.144994653114236344e-03
9.095161058885793182e+01 4.196081757472128367e-03 5.660666382183673559e-03 7.765036083537008374e-03
9.244653965994390887e+01 4.328904850639016429e-03 4.948195258988238691e-03 6.731678237869882266e-03
9.394148543065597323e+01 4.517418443554275381e-03 4.489677883300792829e-03 5.868224552371879149e-03
9.543641779695907701e+01 4.639158971394717265e-03 3.966887076732364056e-03 5.016102623116499085e-03
9.693133743370823652e+01 4.734797664345914009e-03 3.580845421194942240e-03 4.317686059497926818e-03
9.842628525675546314e+01 4.792663095531283363e-03 3.250179789206445596e-03 3.912725806403330973e-03
9.992121020935782383e+01 4.719042730655501929e-03 2.951321868378193811e-03 3.376332507111072870e-03
1.014161582265290633e+02 4.558503062032856490e-03 2.655429958472799341e-03 3.027301592955279532e-03
1.029110867104785854e+02 4.316959586936232676e-03 2.491205903787474356e-03 2.644976347834003191e-03
1.044060290288679056e+02 4.051153336148327101e-03 2.162083300997440921e-03 2.244338491994361286e-03
1.059009737142458931e+02 3.673354989884414223e-03 2.021200509962842260e-03 1.967468562986687212e-03
1.073959226041105666e+02 3.281466265395968467e-03 1.872206259237068401e-03 1.729445349098357888e-03
1.088908723547385904e+02 2.829634091313240098e-03 1.675958608610801474e-03 1.544418222494641727e-03
1.103858175880237980e+02 2.409645301614778915e-03 1.512944518806149524e-03 1.236865009343316672e-03
1.118807703777043230e+02 1.991556720281479655e-03 1.471088245372798638e-03 1.195737230894260410e-03
1.133757335839885627e+02 1.588383441842505578e-03 1.389521095035151305e-03 1.076849040900291349e-03
1.148706923363000385e+02 1.236423796025040104e-03 1.202608400300265133e-03 9.367310896622612314e-04
1.163656677218850461e+02 9.340883068671221182e-04 1.146455141939754872e-03 8.177272419153087208e-04
1.178606218247872448e+02 5.781931959748820050e-04 1.105871813324653310e-03 7.809631993059353320e-04
1.193555803164622660e+02 3.457823479161621248e-04 1.020020102317107649e-03 6.309333898865426187e-04
1.208505590132973566e+02 1.069794785029125930e-04 9.572957530617660915e-04 4.848130278302734131e-04
1.223455278970200482e+02 -9.659858742208960749e-05 8.799499994674010814e-04 4.645481560538865674e-04
1.238404985161404568e+02 -2.455357941008355573e-04 8.458561114792798822e-04 4.300589162216854702e-04
1.253354564684796770e+02 -4.178447783783140667e-04 8.085207214180604529e-04 3.406428233817243426e-04
1.268304339284827051e+02 -5.141843457775786570e-04 7.092100775849698559e-04 2.787700302028156335e-04
1.283254000832666861e+02 -6.156513477408949355e-04 6.688323730808717069e-04 1.917116974386026196e-04
1.298203588100559784e+02 -6.713852081892889793e-04 5.844963627858932274e-04 9.400201757242528458e-05
1.313153393613934270e+02 -7.242121765867543448e-04 6.062812604377336261e-04 1.350743227241302171e-04
1.328103014670330424e+02 -7.831133963286532676e-04 5.830111313211568894e-04 1.054299924134452553e-04
1.343052722415675078e+02 -8.152639998712527328e-04 5.036063731840661984e-04 1.483656419251562259e-04
1.358002439084678201e+02 -8.565102605193499049e-04 4.731462230281699606e-04 5.028776927230187345e-05
1.372952115727164824e+02 -8.730539478867925399e-04 4.428270823477550465e-04 -3.210140095695705861e-05
1.387901892948208911e+02 -9.411568910935971984e-04 3.871359622223910523e-04 2.546780107583949447e-05
1.402851608265400500e+02 -9.094564473881752275e-04 3.725925207995272421e-04 -8.994239977193976842e-05
1.417801305082608678e+02 -9.317902159998918497e-04 3.425689131109535654e-04 -4.015109779695894216e-05
1.432751023542085989e+02 -9.206345499748588759e-04 3.236716824180407349e-04 -2.145451589436047309e-05
1.447700803451217269e+02 -8.987539218580129592e-04 2.854052042548249363e-04 -3.581473165367308526e-05
1.462650458566763518e+02 -8.876433898878410052e-04 2.523506588158153595e-04 -9.200333706148189502e-05
1.477600216045804586e+02 -8.784187646917146312e-04 2.996346726486375390e-04 -8.210944470810166537e-05
1.492549985022946828e+02 -8.928729615209319518e-04 2.364412356366060882e-04 -6.116148160761310313e-05
