1.641309638807616267e+00 9.743558878652445188e+00 -7.000917127888002002e-03 2.391277513590950754e+00
2.780928189817906571e+00 7.140747040087735087e+00 -2.305817120560110442e-03 2.507675098135969893e+00
4.264973078006273788e+00 3.377437460903882194e+00 -9.523067126851914466e-04 1.113286038656699395e+00
5.760306215887130321e+00 2.002318458765177223e+00 -4.922831425780545495e-04 5.286248676064945196e-01
7.253268545844898441e+00 1.343696825382964866e+00 1.113125771383397444e-03 2.978638671087529555e-01
8.746553530567572565e+00 9.663974951344165287e-01 3.610624321331284818e-04 1.762292907397201569e-01
1.024005842692854173e+01 7.277553401580740822e-01 1.119576955016663789e-03 1.122966649489345048e-01
1.173364711739627353e+01 5.669519906634329365e-01 4.418689763526358841e-04 7.559193322029914008e-02
1.322731682604926284e+01 4.526014449780418336e-01 2.164755028634584983e-05 5.342565716128541697e-02
1.472115443246387834e+01 3.681549987051281336e-01 1.269763631319980593e-03 3.778787702711889490e-02
1.621514074609568823e+01 3.039525095013130840e-01 1.033082404550484095e-03 2.746109062952617821e-02
1.770909929601160826e+01 2.541846516622012220e-01 9.769922477065172851e-04 2.112071022748224572e-02
1.920328855499989729e+01 2.145386749042000885e-01 1.009466833207545156e-03 1.649748214859578233e-02
2.069742830244265974e+01 1.825765538719695824e-01 6.580702118442069643e-04 1.280184201179522530e-02
2.219176411072789534e+01 1.566482633422244808e-01 9.926030848754763269e-04 9.939355355652225096e-03
2.368605818500573434e+01 1.352861412879008129e-01 6.760060599750738900e-04 8.033980949795526544e-03
2.518048443560778793e+01 1.174966766334564483e-01 2.156134821147474541e-04 6.718630868351788653e-03
2.667490656075621658e+01 1.024713623031005827e-01 6.285324036089923704e-04 5.359665254891356721e-03
2.816937510537879064e+01 8.976704697640426611e-02 5.779052329310217784e-04 4.594512818700746334e-03
2.966391431234551135e+01 7.892705852720834081e-02 4.415146225737248882e-04 3.697477898339642487e-03
3.115842911281381689e+01 6.982875478017962212e-02 4.460045560888446846e-04 3.291024318754590464e-03
3.265302301247113803e+01 6.184229550728510827e-02 8.229846585973528894e-04 3.139428450009112102e-03
3.414769079699742349e+01 5.508962863897707424e-02 5.439757829075746350e-04 2.634182557414229461e-03
3.564229788190789350e+01 4.899940165637296091e-02 8.476762562176070335e-04 2.363674928762728254e-03
3.713694326813765656e+01 4.382294095829741137e-02 9.952778946190794784e-04 2.562432694958356825e-03
3.863161834261516248e+01 3.934593205828517543e-02 9.367715644342410790e-04 2.427857427457380535e-03
4.012634106337990403e+01 3.524706378332903567e-02 1.186534553491099030e-03 2.412970960704137295e-03
4.162101937954769681e+01 3.181139606874703457e-02 1.348840721722704408e-03 2.162357340287992397e-03
4.311579187729121543e+01 2.865005169238587363e-02 1.562826308027601271e-03 2.223548480249230245e-03
4.461053239518309255e+01 2.590430969841734168e-02 1.606488658023236694e-03 2.293549009504650300e-03
4.610529042433677915e+01 2.357967118892269690e-02 2.080632655555271320e-03 2.371499324584308219e-03
4.760009073487898945e+01 2.135356463048773343e-02 2.259186972538723866e-03 2.838033010909854839e-03
4.909489636337877272e+01 1.948336095838275328e-02 2.562855665312319727e-03 2.910025904931450632e-03
5.058966275751915731e+01 1.778247970335225872e-02 3.077536818960329747e-03 3.414817686113207594e-03
5.208447674697888630e+01 1.628157584957323420e-02 3.131541218579264770e-03 3.406040950600738686e-03
5.357929486654785478e+01 1.487052666379022788e-02 3.525681632940982305e-03 3.623293470289808919e-03
5.507412279273484046e+01 1.366448441874123891e-02 3.780716486359800895e-03 4.006219911314661854e-03
5.656897005597220129e+01 1.253281437672522022e-02 4.150043442275595448e-03 4.377108815827235842e-03
5.806378330351864747e+01 1.161071330432733237e-02 4.517394943257818304e-03 5.025855153464830333e-03
5.955866516170015501e+01 1.078271535987949600e-02 5.085378575276769571e-03 5.301889401387728344e-03
6.105353050552795224e+01 9.977469776445903327e-03 5.478739973906027703e-03 5.825961715514738765e-03
6.254836950112711946e+01 9.307208188008736158e-03 6.084850625293391872e-03 6.424198487463258882e-03
6.404325654204765783e+01 8.681130362457552263e-03 6.643019270745616038e-03 7.148476673376611377e-03
6.553813463395074734e+01 8.137225064590511425e-03 7.142282956152470365e-03 8.157100257077758848e-03
6.703302129644960416e+01 7.714845743278383843e-03 7.723260074483090723e-03 8.951231293903981479e-03
6.852787700014999928e+01 7.260449940910310151e-03 8.379167139759228361e-03 9.961328701648616141e-03
7.002278084002850278e+01 6.944594500518683905e-03 9.226368974541392445e-03 1.105494404612923989e-02
7.151768267501911680e+01 6.676919432298897977e-03 1.000870489040108120e-02 1.220423174350197988e-02
7.301257249712726605e+01 6.424589927427891943e-03 1.091843274824571240e-02 1.372763823594392620e-02
7.450748748371272256e+01 6.210964671835406993e-03 1.188501611458914198e-02 1.504764007319164820e-02
7.600238902729687140e+01 6.031996346618290032e-03 1.294355430101827575e-02 1.695423915543417537e-02
7.749731325206393251e+01 6.036935017897196963e-03 1.420135010405488944e-02 1.889497615659918237e-02
7.899220461730661214e+01 6.097957294398022657e-03 1.574373745458685497e-02 2.148959631175478488e-02
8.048713567040867645e+01 6.196958914887346244e-03 1.751144370358296426e-02 2.458535777424988161e-02
8.198208036343436333e+01 6.540096328211322287e-03 1.987959318038645673e-02 2.890082585332066564e-02
8.347700111438848580e+01 7.114467990211930867e-03 2.312012808591587185e-02 3.464700666368712018e-02
8.497189487158763654e+01 7.466188132040743261e-03 2.515759947523471540e-02 3.815312130648250422e-02
8.646676039507926248e+01 7.082940497778985808e-03 2.306993666473567892e-02 3.438804542479746706e-02
8.796167957926269310e+01 6.429702769020722783e-03 1.922750377855500167e-02 2.799126737290764944e-02
8.945664429432693510e+01 6.056565572670174168e-03 1.637512694452515280e-02 2.319761900542098576e-02
9.095157433831001015e+01 5.838261365781038242e-03 1.436448674462500151e-02 1.979417395131847016e-02
9.244650908053989724e+01 5.659165133167105670e-03 1.262382941216063162e-02 1.704475335375658929e-02
9.394146575783950937e+01 5.600179522839500261e-03 1.126584452686990589e-02 1.480485672353296089e-02
9.543639154793095258e+01 5.527849222442426068e-03 1.001956927275757768e-02 1.282128414200481813e-02
9.693131985425040398e+01 5.469232649334731904e-03 9.007507455121917250e-03 1.130098089031005351e-02
9.842627020891272593e+01 5.350836138411696474e-03 8.131579978778280537e-03 9.995929422166449987e-03
9.992119817622771905e+01 5.159864335845349044e-03 7.367347130706879133e-03 8.683388016970933557e-03
1.014161456491719235e+02 4.934748605647819308e-03 6.595942131592833456e-03 7.687236989973114838e-03
1.029110831183881345e+02 4.615164115091568812e-03 6.105504556446174173e-03 6.799297428532790136e-03
1.044060287871505608e+02 4.307077855190541080e-03 5.437949989256432928e-03 5.872332153228750073e-03
1.059009763153807171e+02 3.902354915736791323e-03 4.933446299478213247e-03 5.277534339066937245e-03
1.073959193961448619e+02 3.492571108738813396e-03 4.531975082679415984e-03 4.600087723028639664e-03
1.088908646621751899e+02 3.066195130078130850e-03 4.137147298339450240e-03 4.089254303928600669e-03
1.103858153705087233e+02 2.639408635638810022e-03 3.713555610142063937e-03 3.493939777432961049e-03
1.118807745445634509e+02 2.237722965976353742e-03 3.505604010950140372e-03 3.256350272060958267e-03
1.133757348097707478e+02 1.850675108111580428e-03 3.201465725649310732e-03 2.859039862551429438e-03
1.148706946828346531e+02 1.524469643371652262e-03 2.932089117061254489e-03 2.478949285355717177e-03
1.163656715318328878e+02 1.224383635903787855e-03 2.704131956417990621e-03 2.205398858180988419e-03
1.178606211185202852e+02 8.807134949029294920e-04 2.547966003872140488e-03 1.962507734586878359e-03
1.193555775598742485e+02 6.479530212832731529e-04 2.345123210724195644e-03 1.823533251972687952e-03
1.208505452162344653e+02 4.135533669755672194e-04 2.177185878084091867e-03 1.516704905054841847e-03
1.223455260380104619e+02 1.931894193470622253e-04 2.010687344920307311e-03 1.323629035049905247e-03
1.238404947303159673e+02 4.838275935762983439e-05 1.909039929872195047e-03 1.242911983088219310e-03
1.253354596048580731e+02 -1.225980856617354844e-04 1.762594631656120778e-03 1.021662501611913902e-03
1.268304338742055677e+02 -2.231837036572376282e-04 1.640041889780449692e-03 8.635240365277966918e-04
1.283253965193964348e+02 -3.422068920087521912e-04 1.480136987553647100e-03 7.283061824496913847e-04
1.298203612036935795e+02 -3.756845042964667715e-04 1.345233668744995944e-03 5.994992153389090044e-04
1.313153319098426550e+02 -4.560842801614732774e-04 1.296412145105829304e-03 5.755719276464192971e-04
1.328102996755352194e+02 -5.158119015848477117e-04 1.239450684964437830e-03 4.572459695178230157e-04
1.343052711651619404e+02 -5.818646121990227833e-04 1.113312598806973173e-03 4.623746479391209648e-04
1.358002386373165677e+02 -6.072228368614817316e-04 1.052246917485140983e-03 2.902497804138401243e-04
1.372952107702902538e+02 -6.496565100136547644e-04 9.764250082723267832e-04 1.652394817711338591e-04
1.387901813485395337e+02 -7.073323062829450477e-04 8.802068718895175291e-04 2.426830476978926671e-04
1.402851609512349569e+02 -7.082330829192164763e-04 8.257116833886528730e-04 1.031376840438535958e-04
1.417801323913414251e+02 -7.171568404218518376e-04 7.657764947609054440e-04 9.263138108076202689e-05
1.432751077377011768e+02 -7.127831741366679038e-04 7.639768047815668865e-04 1.003420726337508976e-04
1.447700754318689746e+02 -7.349960334680913842e-04 7.034002550557983888e-04 6.991166935183483868e-05
1.462650447790736337e+02 -7.057081979038983335e-04 6.477393942634939632e-04 2.359398542627488086e-05
1.477600246606515952e+02 -7.068097445240234620e-04 6.516924032773055864e-04 3.004189694539550904e-05
1.492549976004640371e+02 -7.217657750752284711e-04 6.070966367959511507e-04 1.013002561564125546e-05
