1.644163270091059337e+00 1.281615348959148371e+01 -8.272715334422392486e-03 3.143636057673249606e+00
2.778032620599811597e+00 9.390296995007988201e+00 -2.828487425039272196e-03 3.298167144648386451e+00
4.261479547602889717e+00 4.443179758802062729e+00 -2.310922431568043431e-03 1.462419026554864221e+00
5.757117991967215076e+00 2.632227484000039031e+00 -5.492760826759069369e-04 6.951746402395589941e-01
7.250341704150393696e+00 1.767370414352045449e+00 8.785960319316781560e-04 3.916834895277140349e-01
8.743936414890717046e+00 1.270208518618330507e+00 -5.597297524333159783e-04 2.326977961608727996e-01
1.023780496352090985e+01 9.564729448672523171e-01 1.043183858344012664e-03 1.482617450400431636e-01
1.173170523260431608e+01 7.447969051222560477e-01 -1.805406395037662968e-04 9.921329618028386366e-02
1.322563204844187368e+01 5.941579692422280790e-01 6.195243385315696522e-05 7.020911159454405748e-02
1.471972066084991937e+01 4.831282634587029112e-01 7.423880291531590207e-04 4.980411464626310902e-02
1.621392462742805662e+01 3.985925141121400839e-01 5.573417860801746287e-04 3.695474406751454721e-02
1.770806816441879405e+01 3.330542628129316007e-01 7.732573675541927699e-04 2.824716973100342005e-02
1.920241289817781905e+01 2.808452706230821772e-01 4.684260412684426874e-04 2.178525475061626401e-02
2.069669209836726864e+01 2.388925437422106390e-01 4.243011665049915187e-04 1.682809557129797545e-02
2.219108750981819966e+01 2.046975590352507202e-01 4.450974546890797742e-04 1.312429560946963905e-02
2.368545176315480560e+01 1.764864834019170270e-01 2.036797725330972931e-04 1.061452668475213607e-02
2.517999368567364371e+01 1.530682827299050530e-01 -2.114582947644050846e-04 8.885012604764602404e-03
2.667448532519145132e+01 1.332944243505593818e-01 1.321418145174890269e-04 7.170444769449723331e-03
2.816899551675884794e+01 1.166626621114928014e-01 -6.394222552389474410e-05 5.965791576044700457e-03
2.966357392901111467e+01 1.024100424421751643e-01 -2.764497471959600616e-04 4.645936854334689614e-03
3.115814578834151405e+01 9.035502118866031718e-02 -3.148574497475000768e-04 3.966024015674752580e-03
3.265276437233332274e+01 7.984495716692563416e-02 -7.329924347452618900e-05 3.894176747634488667e-03
3.414742015017831278e+01 7.088726976281205239e-02 -2.269916061844726358e-04 3.134656705613440928e-03
3.564209525629427588e+01 6.288051542468429955e-02 -4.408398873693483965e-05 2.552181622759043273e-03
3.713674009211029414e+01 5.606482195748479364e-02 2.163712569805037363e-05 2.360710216961780811e-03
3.863147509546944747e+01 5.013877766381488049e-02 -2.061458563640943822e-04 2.119361341895690306e-03
4.012619700258723299e+01 4.476260494837476511e-02 -1.253990673185727506e-04 1.802293399018880171e-03
4.162090483463001078e+01 4.016089419473471006e-02 -7.925094579641597293e-05 1.398294934200223919e-03
4.311568374238318313e+01 3.601828590579410350e-02 -6.418162578957956705e-05 1.106787477924706239e-03
4.461044050949696071e+01 3.234524730539338477e-02 -2.302384162145960868e-04 9.183901086428030271e-04
4.610518914812222846e+01 2.916924144367923771e-02 -1.631290646351042699e-07 8.149415881741764803e-04
4.759999464393349911e+01 2.626688675688220939e-02 -8.252174845734434815e-07 9.554324551386076661e-04
4.909479975883590441e+01 2.369263530592256167e-02 6.565107673249176499e-05 7.765666041493550194e-04
5.058960425961245733e+01 2.140635468410965678e-02 1.989379030686773159e-04 8.817974135620222208e-04
5.208442848253296376e+01 1.931604624342758703e-02 -1.958503189835257067e-06 7.292859162327564211e-04
5.357924403391717050e+01 1.742744552892856041e-02 1.187117912460951020e-04 3.883261770899355250e-04
5.507408321751216107e+01 1.583440461617899656e-02 5.023545761860880130e-05 4.972302235629468903e-04
5.656892950078276527e+01 1.427065951357009248e-02 -3.410087815894652255e-05 3.280901516686133895e-04
5.806374037739011129e+01 1.292597568676370941e-02 2.415407966181606323e-05 4.597905087894987733e-04
5.955863186021135647e+01 1.172334076969022698e-02 1.471172194769453741e-04 1.859187495899677651e-04
6.105348183453699562e+01 1.061692017012642354e-02 1.349174335201450169e-04 2.018508352106659551e-04
6.254833811637872287e+01 9.554416420865829637e-03 2.363007435001829944e-04 1.115198205417721703e-04
6.404320469869361432e+01 8.655106254719754921e-03 3.393738075545507009e-04 2.781783534536311285e-04
6.553809639847521851e+01 7.760261650054429625e-03 1.990945282723304499e-04 2.975793380716455121e-04
6.703298344373550322e+01 7.016776826264419474e-03 7.723399349800761423e-05 2.611299174159311732e-04
6.852784909182499007e+01 6.311127895598792753e-03 9.884686024037723151e-05 3.037611456624151208e-04
7.002273100149757568e+01 5.676770502513315067e-03 1.761870488994188148e-04 3.770275270350647266e-04
7.151764587853655541e+01 5.118220602879532469e-03 2.608267424528255374e-04 3.171001129532050673e-04
7.301253965216497477e+01 4.616391865957995486e-03 2.109196738136182958e-04 3.326419776684200191e-04
7.450745499934497218e+01 4.069736661447721261e-03 2.099491226813322072e-04 2.225874054632573720e-04
7.600235017985198738e+01 3.574232022279044598e-03 1.116533878400104970e-04 2.411709667184731452e-04
7.749726707538928849e+01 3.220448411840034619e-03 1.430428131659275686e-04 1.887685545630231267e-04
7.899216344928922240e+01 2.924873142088875964e-03 1.662103564088760410e-04 7.936084015219347417e-05
8.048709484632144040e+01 2.637114363683331578e-03 1.655806111189297904e-04 4.036585368004835431e-05
8.198202273306000620e+01 2.478763386829489161e-03 1.182270499918465777e-04 1.953989012257166416e-04
8.347695986499796561e+01 2.407420856878612295e-03 1.164367901886352087e-04 1.713334240424446795e-04
8.497190346158055263e+01 2.370489110166733304e-03 2.376466047315561663e-04 1.132136521468011896e-04
8.646683621519076723e+01 2.448218311069211891e-03 2.658446391494800843e-04 8.400285194289529897e-05
8.796175594685330168e+01 2.631758323869405787e-03 1.579500202840520705e-04 2.238553752556961631e-04
8.945670937127123068e+01 2.912669747150956230e-03 2.005805172107914824e-04 2.473481906949014835e-04
9.095162899465994144e+01 3.193820025348532727e-03 1.875065872972623258e-04 2.375821487550755485e-04
9.244655790410675422e+01 3.483329257474620903e-03 1.145676451132117136e-04 2.208600718650338582e-04
9.394150138483520607e+01 3.831622907399182508e-03 2.078103789757056662e-04 2.518480216694700294e-04
9.543642941730099949e+01 4.074999268709882626e-03 1.404341587517503429e-04 5.246324866851527236e-05
9.693135019064747837e+01 4.288318382262381635e-03 1.309538594521015870e-04 3.835561256251914273e-05
9.842629252774938209e+01 4.427048120630233501e-03 1.574226201297449434e-04 1.428810980801451100e-04
9.992121647394077399e+01 4.427325446528011799e-03 1.770863014127738546e-04 5.793403920014375964e-05
1.014161637843376838e+02 4.327711380390361282e-03 1.495083861308993823e-04 6.378495843716586590e-05
1.029110959400768763e+02 4.123772677021274487e-03 1.726085094247828053e-04 3.953773104608954012e-05
1.044060352133312790e+02 3.890186659848553306e-03 8.932649805373859642e-05 -5.057620685354229562e-05
1.059009797039744996e+02 3.513145078144679599e-03 1.519319314265012274e-04 -5.126280115513581488e-05
1.073959244664266777e+02 3.145449410754219081e-03 1.312859345071299105e-04 -8.834251254138402484e-05
1.088908714547872023e+02 2.685096188834650271e-03 1.180801638793035002e-04 -3.598985931805154785e-05
1.103858174227842852e+02 2.272924357385789750e-03 1.093935544026425561e-04 -1.354823713622273749e-04
1.118807707137754903e+02 1.834745734692057881e-03 2.025149258612870986e-04 -3.825372904210336711e-05
1.133757315113695370e+02 1.427308621019622407e-03 2.033564413962469684e-04 -7.882695487197230111e-06
1.148706890795441495e+02 1.080968992419062153e-03 1.503117070838024840e-04 -4.892249473029650785e-05
1.163656662795161765e+02 7.542470675641122814e-04 1.647806329243677601e-04 -3.246885350968561803e-05
1.178606196922489460e+02 3.910337849134823494e-04 2.021457350116760720e-04 -1.043956472572258497e-05
1.193555798711059595e+02 1.638668889888750604e-04 1.856887492567740438e-04 -7.267775296502518671e-06
1.208505529315021789e+02 -7.268288111156742204e-05 1.715739953660573233e-04 -1.034713505946315996e-04
1.223455255620443580e+02 -2.976242973277189998e-04 1.760302139689156448e-04 -6.916589585346764066e-05
1.238404960610894818e+02 -4.322070149338500455e-04 1.823716068659360498e-04 -3.306521603898393270e-05
1.253354563707752618e+02 -5.944315939095685258e-04 1.884048601770192471e-04 -4.666271212205571549e-05
1.268304330306000338e+02 -7.074677193037189451e-04 1.281087843112763125e-04 -4.570338468548872405e-05
1.283253987815907635e+02 -7.993830753113603110e-04 1.599840876741504697e-04 -1.367175231520955769e-04
1.298203630270459428e+02 -8.484444885543335549e-04 9.873144211679628509e-05 -1.457684540465201671e-04
1.313153350110149518e+02 -9.038639943158903413e-04 1.610046624926461559e-04 -7.586697886492909022e-05
1.328103027165948333e+02 -9.527220940577624773e-04 1.610181148974681900e-04 -7.524167254883288908e-05
1.343052713856830565e+02 -9.860977353477605629e-04 9.309953360807719628e-05 -5.414408912990406322e-06
1.358002420909593866e+02 -1.014203855529983425e-03 1.095251336173447200e-04 -8.525082096370975885e-05
1.372952133227760498e+02 -1.025652209225089888e-03 8.006671076577752150e-05 -1.283187958970674765e-04
1.387901893914051641e+02 -1.085254874095386256e-03 4.676293116203217553e-05 -7.396003539788846765e-05
1.402851636522724164e+02 -1.051572174844792257e-03 4.061845938112547513e-05 -1.667611734200545462e-04
1.417801294753410275e+02 -1.060762286932435310e-03 3.921611177032747542e-05 -1.101576401826593888e-04
1.432751057302373283e+02 -1.036112564922798702e-03 4.728951301089221761e-05 -6.923140118228783145e-05
1.447700777531394181e+02 -1.030002240587623522e-03 8.014208777331573838e-06 -8.725266084336699159e-05
1.462650485646418304e+02 -1.005576651170925120e-03 -1.384001159522231510e-05 -1.324734513385356950e-04
1.477600194413963663e+02 -9.932073193513841700e-04 2.737523360659632497e-05 -1.102309422938658128e-04
1.492549997386680900e+02 -9.955624401525389484e-04 -1.064680452006580403e-05 -1.058162962259350079e-04
