1.643770228307340320e+00 1.231795651769335365e+01 -7.124704483736527330e-03 3.024359955557256896e+00
2.778396265395115527e+00 9.026204729476992483e+00 -3.408550136345654593e-03 3.169096569019676846e+00
4.261936372189956579e+00 4.271011042047428319e+00 -1.997237918945998954e-03 1.404927945560143998e+00
5.757556640904133438e+00 2.530187215852003568e+00 -5.599665245078151764e-04 6.681281233871603220e-01
7.250768844177952310e+00 1.699001342101881695e+00 1.071453711286084057e-03 3.767039197563499808e-01
8.744305750207860939e+00 1.221114801618852219e+00 -3.385471745860129333e-04 2.234186717178567871e-01
1.023812118144285499e+01 9.195612331440765619e-01 1.043318366309838258e-03 1.423291741987559034e-01
1.173199476674752439e+01 7.160836775673358190e-01 -1.640396916386653863e-04 9.540511863455683472e-02
1.322588947918829305e+01 5.713206685704931287e-01 1.628074651617821412e-04 6.746975090846951684e-02
1.471992125746498026e+01 4.645186408963483116e-01 7.968063113469821051e-04 4.783320175691256615e-02
1.621411200410865661e+01 3.833108947453172655e-01 6.110831387487337518e-04 3.553413729047896763e-02
1.770823409796532033e+01 3.203256461024973634e-01 8.588970407837198933e-04 2.718340202243391124e-02
1.920254438740508007e+01 2.701391188286964562e-01 4.444958293016525153e-04 2.099444170212429878e-02
2.069680413869306079e+01 2.298067468602112973e-01 5.588246970657788793e-04 1.625444092134771187e-02
2.219120092266107847e+01 1.969648233834373763e-01 6.298343338026569710e-04 1.261871722911870990e-02
2.368553702655030690e+01 1.698743371417595072e-01 3.361810682658757663e-04 1.024199413038625640e-02
2.518007359403008394e+01 1.473516360488872079e-01 -8.639696231703403303e-05 8.542331868272539167e-03
2.667455409369209818e+01 1.282847786995199024e-01 2.374126616664189442e-04 6.816403755315054817e-03
2.816905067280803010e+01 1.123544467970951644e-01 4.014758453176692297e-05 5.630048932461336787e-03
2.966363802585711795e+01 9.861799430292524093e-02 -1.672226124290320947e-04 4.446139744921268760e-03
3.115819750613176353e+01 8.706099066115037532e-02 -1.860396039810729854e-04 3.820129224362379169e-03
3.265280168405596584e+01 7.693930712816123008e-02 6.902040833439093096e-05 3.819027064247840567e-03
3.414746107916629825e+01 6.833031900245076229e-02 -6.572894726128555637e-05 3.083106533025020343e-03
3.564212823455332568e+01 6.063443551837762596e-02 1.017919250742191871e-04 2.526493661691071608e-03
3.713676513368665866e+01 5.410725221440538385e-02 2.108320020623538312e-04 2.393101237813329701e-03
3.863149845290332252e+01 4.838042055486033166e-02 -4.215870740221059232e-05 2.146580705186396619e-03
4.012621508295417527e+01 4.323662638871116765e-02 5.862857282318854267e-05 1.858286699797049744e-03
4.162092916263056708e+01 3.882003448589083083e-02 1.684309829086263826e-04 1.490643589883293950e-03
4.311570555738951782e+01 3.484455994636575377e-02 1.326910425102155835e-04 1.238761815807423684e-03
4.461045309106946632e+01 3.132120321373536853e-02 9.323852387848021914e-05 1.141470947291741258e-03
4.610520394642061603e+01 2.827772912935587815e-02 3.204267072045464005e-04 1.047395856533794639e-03
4.760000036626229303e+01 2.547373239858443175e-02 3.947547952831131088e-04 1.230804351577333925e-03
4.909480916531177996e+01 2.301560866847602443e-02 4.914926433863292966e-04 1.158487114119171940e-03
5.058961355452973407e+01 2.082931768398130559e-02 6.666874497008268242e-04 1.329400451264120368e-03
5.208443278709402335e+01 1.883798908222665547e-02 5.311914168312855018e-04 1.215534063461613020e-03
5.357925125394054788e+01 1.702467488463401193e-02 6.543607160571775173e-04 9.076879218661394267e-04
5.507408599806925054e+01 1.549815415956432886e-02 6.340995666523893464e-04 1.039970135494758512e-03
5.656893469483735259e+01 1.400901035997544411e-02 6.658099860079193634e-04 9.937407429776990136e-04
5.806375004839241427e+01 1.271824894060165703e-02 7.343804226006465062e-04 1.212631437129850585e-03
5.955863930625644542e+01 1.158388212263571256e-02 9.410198612277839367e-04 9.973346472372927353e-04
6.105349621897077839e+01 1.053505950386751829e-02 1.009463256489742363e-03 1.119521350149802223e-03
6.254834656833475748e+01 9.531568731260150334e-03 1.173419774250387742e-03 1.103636196314771584e-03
6.404321208099621288e+01 8.665043005561159917e-03 1.361827296253233666e-03 1.423376609638032399e-03
6.553810447512995552e+01 7.823499573078322028e-03 1.316580166465635684e-03 1.536547151837663406e-03
6.703298925312340373e+01 7.117928692150632744e-03 1.342733906657215485e-03 1.648964253319547572e-03
6.852785081651686028e+01 6.472597218494062325e-03 1.446788362755033544e-03 1.883512788705203091e-03
7.002273507055622304e+01 5.871374020975339905e-03 1.632308758181559485e-03 2.100100052946840632e-03
7.151764906602927852e+01 5.369314101274913834e-03 1.832281183076363805e-03 2.247563613484664276e-03
7.301254675753686740e+01 4.902779554211639593e-03 1.884889447662265165e-03 2.496298425658034087e-03
7.450746194785959631e+01 4.421426026181105029e-03 2.079376321846428382e-03 2.624705846890414748e-03
7.600235962253054822e+01 3.975019099803463879e-03 2.165824904031243316e-03 2.918373666804694073e-03
7.749727799578511167e+01 3.670366790051572334e-03 2.413671553359865354e-03 3.227255289905588739e-03
7.899216957617728951e+01 3.438503879480425858e-03 2.663401842919993056e-03 3.501542666253447227e-03
8.048710377595614318e+01 3.206422495880216234e-03 2.957733750261271229e-03 3.962636021922806735e-03
8.198203473800556651e+01 3.132899712713712020e-03 3.294599590255288708e-03 4.792941727074723560e-03
8.347696580985338244e+01 3.166953509344491192e-03 3.828100276249508591e-03 5.697629355488760018e-03
8.497189762470675589e+01 3.204331289305958896e-03 4.243434780833525363e-03 6.246004613656897311e-03
8.646681984999526094e+01 3.195507415231673039e-03 3.953602640000583417e-03 5.635944441931141358e-03
8.796173569269720360e+01 3.248272975366296809e-03 3.242446436724956502e-03 4.725927040461685644e-03
8.945669594757397647e+01 3.410951955601021664e-03 2.810222110416858623e-03 3.954124207690003050e-03
9.095162026353507656e+01 3.613804254017849264e-03 2.451075935513801016e-03 3.408192250778251456e-03
9.244655017869443725e+01 3.832812199588661681e-03 2.132330576597314155e-03 2.947684765113733549e-03
9.394149307783808922e+01 4.117595055045617305e-03 1.981357603863362956e-03 2.621629335724440322e-03
9.543642349468549924e+01 4.316200763914180248e-03 1.718974127474062405e-03 2.109966501937038819e-03
9.693134575781475348e+01 4.480858476620478217e-03 1.564212726950705299e-03 1.842835039899475350e-03
9.842628835525816555e+01 4.576450458485557815e-03 1.425907005735051018e-03 1.718571141210300515e-03
9.992121314314263714e+01 4.541023859851856317e-03 1.342324180875482335e-03 1.445931283508764768e-03
1.014161600035570387e+02 4.424183001037012425e-03 1.182463705510781657e-03 1.306748317579510370e-03
1.029110926175917911e+02 4.196925117291330082e-03 1.120047217804259971e-03 1.112743447154797803e-03
1.044060332110199454e+02 3.953494406664429667e-03 9.592979694826432677e-04 8.949874732058012324e-04
1.059009786569803708e+02 3.567128567199596458e-03 9.230376168552114746e-04 7.998642025485113403e-04
1.073959281884373524e+02 3.204196009977146580e-03 8.165549352513439690e-04 6.556939961727043832e-04
1.088908737946524070e+02 2.741224435693695102e-03 7.366914993791198003e-04 6.200135942854410496e-04
1.103858181586173401e+02 2.326843980625184233e-03 7.104523835528585079e-04 4.720359035600580895e-04
1.118807726142201915e+02 1.893831136623994570e-03 7.250214732783066916e-04 4.881046366633191250e-04
1.133757321708471721e+02 1.496212744284511429e-03 6.648789617650500191e-04 4.570538564065963717e-04
1.148706869378587498e+02 1.143013764661427725e-03 5.867272799970242592e-04 3.581412102495625774e-04
1.163656674480251922e+02 8.235341768243251538e-04 5.539750555044328176e-04 3.169307350499609918e-04
1.178606206951509279e+02 4.646092115175864826e-04 5.754820328119218979e-04 3.253300746856062006e-04
1.193555842120904202e+02 2.379420288593378995e-04 5.095980371183636082e-04 2.835417629888748814e-04
1.208505517554609270e+02 5.847401936886911627e-06 4.673065532599422148e-04 1.740314750316728257e-04
1.223455229954200121e+02 -2.234561722729453358e-04 4.506149109358904728e-04 1.563367645503564035e-04
1.238404980740610739e+02 -3.521312268399403797e-04 4.441678733525476481e-04 1.874810186862297854e-04
1.253354538582516966e+02 -5.211485082008665125e-04 4.293063676050681431e-04 1.560962054454040338e-04
1.268304333588112911e+02 -6.332753030047410733e-04 3.616833754865570079e-04 1.216952910955569536e-04
1.283253982633598014e+02 -7.261448634056415436e-04 3.651971262464988712e-04 9.848764353761134716e-06
1.298203624150012274e+02 -7.787053634593517869e-04 2.903146872835847114e-04 -2.217924619038201040e-05
1.313153368130205649e+02 -8.341244584588796904e-04 3.485740507312762629e-04 2.812030702125178721e-05
1.328103028320797421e+02 -8.896494598130699500e-04 3.211711767189750436e-04 -1.266790706882764785e-05
1.343052706662051037e+02 -9.150793522904297501e-04 2.441701075939641083e-04 5.556824628276452784e-05
1.358002419092958348e+02 -9.518906074454455560e-04 2.476127218609528217e-04 -3.932501748120536037e-05
1.372952127514710980e+02 -9.736868318604866099e-04 2.060715626878603624e-04 -9.165610792691677089e-05
1.387901902942943195e+02 -1.023362725284598105e-03 1.826921146867400633e-04 -2.879332723706577011e-05
1.402851619390239932e+02 -9.949454099692010660e-04 1.582513454386446619e-04 -1.121747984392465226e-04
1.417801291903724348e+02 -1.004455880389141164e-03 1.652283004240274360e-04 -7.484388300274400418e-05
1.432751065605260408e+02 -9.865228203420211856e-04 1.701572338781711605e-04 -4.081972635629769667e-05
1.447700765148263997e+02 -9.838372273070642229e-04 1.269887875862519102e-04 -5.292072465463526325e-05
1.462650483635905516e+02 -9.540668701831707963e-04 1.008944034834125881e-04 -1.092568521775479545e-04
1.477600175787691228e+02 -9.506114909265885211e-04 1.196111215255631083e-04 -1.072240235845412366e-04
1.492549974746139867e+02 -9.573585400981189566e-04 7.785243611420357391e-05 -7.161435488531295887e-05
