1.642174227505545092e+00 1.061091194624076905e+01 -1.019829542431942640e-02 2.598410096788300816e+00
2.779936424059008537e+00 7.774067031595652821e+00 -3.415273473285029929e-05 2.735628770258596187e+00
4.263753235560606036e+00 3.678746275121617781e+00 -3.044055685304489526e-04 1.211285328029459762e+00
5.759327231433285732e+00 2.179268421189608507e+00 -6.780708399543921910e-04 5.765944515977309281e-01
7.252357446033444788e+00 1.463318151943975298e+00 7.846331361753773647e-04 3.239279862520333952e-01
8.745683670437012225e+00 1.051956501604904171e+00 -2.665789762506217461e-04 1.930673070216234744e-01
1.023933859766580845e+01 7.923950923205905772e-01 1.090886163120309256e-03 1.229244432812954535e-01
1.173305389785804920e+01 6.171670043860707500e-01 -9.379828689574809682e-05 8.238361214760976658e-02
1.322680512381691287e+01 4.923497362589661086e-01 4.360865938877412566e-04 5.855797837735823158e-02
1.472072815333209839e+01 4.007068558536831526e-01 1.009318448399746521e-03 4.103953315365547333e-02
1.621479302195132277e+01 3.305508510331855998e-01 8.786047409986987673e-04 3.029302375731563954e-02
1.770879741767536331e+01 2.764018136185811270e-01 1.039980169979853354e-03 2.300787800155638940e-02
1.920304736865085360e+01 2.331870385005417046e-01 6.648988262171688212e-04 1.828416700873519707e-02
2.069724299975491633e+01 1.985020266531711819e-01 6.616726197180445440e-04 1.384933361904575229e-02
2.219155961854040626e+01 1.702324792152770661e-01 8.954974702727524702e-04 1.065457944331516318e-02
2.368588771264768411e+01 1.468906422584334293e-01 7.725172876171613329e-04 8.662627744407172189e-03
2.518033826340706582e+01 1.274528364762715915e-01 2.661126396691884297e-04 7.258657444313555522e-03
2.667481082671912063e+01 1.111067442030804903e-01 6.593642091567956812e-04 5.898636924264619337e-03
2.816927710807777530e+01 9.739864097223030481e-02 3.920928933723393482e-04 5.009071813801456267e-03
2.966382297104249233e+01 8.562451104057150486e-02 3.490447300974881773e-04 3.926186105568774121e-03
3.115835943706487399e+01 7.567182326186568109e-02 3.073649126531414490e-04 3.502943291376137743e-03
3.265294779490559307e+01 6.691821245533714768e-02 6.521794582779930462e-04 3.562455643648909306e-03
3.414758683359121960e+01 5.955103513645803454e-02 5.386281747231560623e-04 2.923929091339318078e-03
3.564222555511120305e+01 5.295469332846060306e-02 7.259554997619160118e-04 2.529363473103507509e-03
3.713688124278441904e+01 4.727886364485817811e-02 7.313821645618484536e-04 2.414934834588712033e-03
3.863159048848876864e+01 4.238608757993048842e-02 6.732381889239850113e-04 2.283990494590918633e-03
4.012627467330600695e+01 3.796715731300755181e-02 9.367488616354594302e-04 2.208387547788718056e-03
4.162100114494368341e+01 3.415797091482467018e-02 1.040703150062561363e-03 1.924179254482265376e-03
4.311576509990368322e+01 3.071752426052681492e-02 1.137861733811314441e-03 1.859377197957433380e-03
4.461052328303328096e+01 2.774341079691894016e-02 1.142011010961106873e-03 1.899678214887812102e-03
4.610526991564024968e+01 2.516398037700496443e-02 1.472654348852068650e-03 2.043071194550289543e-03
4.760003967557908311e+01 2.273942347354424715e-02 1.650685182483754929e-03 2.247292689893077254e-03
4.909484974610303709e+01 2.067284999162069190e-02 1.910227994015420774e-03 2.212436005177439990e-03
5.058963962741464115e+01 1.879836909989780411e-02 2.251058704899976722e-03 2.648333099179873626e-03
5.208447308121372998e+01 1.708442547798131109e-02 2.233134007818899942e-03 2.660384973090073376e-03
5.357928538913080274e+01 1.556608915013842076e-02 2.572422370699560881e-03 2.695883713969239245e-03
5.507411305199244111e+01 1.430231996391514472e-02 2.821105812101250363e-03 3.037768095755808383e-03
5.656894733696081090e+01 1.303946908767255643e-02 2.940291074812665002e-03 3.148951445528371668e-03
5.806379605338739935e+01 1.198455350703784596e-02 3.277007416924244011e-03 3.623456258287289719e-03
5.955866459312823480e+01 1.104673453061745872e-02 3.654013676362098933e-03 3.849087801455365349e-03
6.105351460095523208e+01 1.020189072196531557e-02 4.057369680245925467e-03 4.173101922900284214e-03
6.254836060745831361e+01 9.384261467464955278e-03 4.428720664411901937e-03 4.648979055668839462e-03
6.404323519909844720e+01 8.696561630891407046e-03 4.861035194872940363e-03 5.276633457206231399e-03
6.553811714084852724e+01 8.030257264422665034e-03 5.200431608579051020e-03 5.905166397307762965e-03
6.703300827649933069e+01 7.477984983810478416e-03 5.543821089478547827e-03 6.477599937301348199e-03
6.852787347790280137e+01 7.001832072133663126e-03 6.005192165366408409e-03 7.226338534260630213e-03
7.002276376377594147e+01 6.568220657283608231e-03 6.647961156038531896e-03 7.970522137243066588e-03
7.151768331946968260e+01 6.211455635427061070e-03 7.317562815964328768e-03 8.885819522984013397e-03
7.301256803998678890e+01 5.962304662211824306e-03 7.932443100168874023e-03 9.875446231282860449e-03
7.450747444359235772e+01 5.605494796982132995e-03 8.613408179651369651e-03 1.097832844818995290e-02
7.600238055404284410e+01 5.368547403287010113e-03 9.309428119661618956e-03 1.232131357702819646e-02
7.749729244726879074e+01 5.239877921415100025e-03 1.028581748471389841e-02 1.372398217269639800e-02
7.899219826737596861e+01 5.193222289303162965e-03 1.139607756307944517e-02 1.550520229994834485e-02
8.048713160526969546e+01 5.210893086996978493e-03 1.262381877365928266e-02 1.762434262821311465e-02
8.198206525573229442e+01 5.390480471611313815e-03 1.435101410167869025e-02 2.077246024142237121e-02
8.347700251831967933e+01 5.815098186426012963e-03 1.664335402467649258e-02 2.496926539573224649e-02
8.497189285917207258e+01 6.029710158341930470e-03 1.811451960995648369e-02 2.733087802666210250e-02
8.646677745769079593e+01 5.779977440742206131e-03 1.664396901776222029e-02 2.468923378128399029e-02
8.796169676345706989e+01 5.376589663723362056e-03 1.383245577725190044e-02 2.019967271583148968e-02
8.945665978242816152e+01 5.185642918537299896e-03 1.186153108342971434e-02 1.676799898701896926e-02
9.095158755241023130e+01 5.077209696192575873e-03 1.039010977434145014e-02 1.429455229811728637e-02
9.244652152829817737e+01 5.033860893468355968e-03 9.053630434442004951e-03 1.233897006374377707e-02
9.394146416970097846e+01 5.094329279685428334e-03 8.143693317582297725e-03 1.074245948827836500e-02
9.543640266172903353e+01 5.108183894961915855e-03 7.277051493081829366e-03 9.224563521688036380e-03
9.693132998958348878e+01 5.129774066205938440e-03 6.500523851488072997e-03 8.120209360231346249e-03
9.842627593351386395e+01 5.080126675334977956e-03 5.844188054945881339e-03 7.226538622866292630e-03
9.992120955464729093e+01 4.938690516653177626e-03 5.340468421834353163e-03 6.249484603278605485e-03
1.014161494304453726e+02 4.743903893345494636e-03 4.867043381468230852e-03 5.552172136374942772e-03
1.029110862608856820e+02 4.477806188992109263e-03 4.427510560930891965e-03 4.893254437232385373e-03
1.044060282957833010e+02 4.191716686527108444e-03 3.948551441116074021e-03 4.232428526238823235e-03
1.059009842923111222e+02 3.778074498216703325e-03 3.646695999900778206e-03 3.730977386551141261e-03
1.073959279052936182e+02 3.402439229834084214e-03 3.310786438914555332e-03 3.283964971854937132e-03
1.088908683292822559e+02 2.958149451270696353e-03 2.997658746717818488e-03 2.886189510175631717e-03
1.103858211219450851e+02 2.524429455960766015e-03 2.737687295639829391e-03 2.484003290760370460e-03
1.118807730523399329e+02 2.123260010660672076e-03 2.594569595206970645e-03 2.253380949780638392e-03
1.133757317032459895e+02 1.721628634474443907e-03 2.380463226706493619e-03 2.013102928389440532e-03
1.148706934539790865e+02 1.392530297104184901e-03 2.172766444222588855e-03 1.736617171602468975e-03
1.163656692192777768e+02 1.065039804444362298e-03 2.019620301825731257e-03 1.604728375886006492e-03
1.178606230352601898e+02 7.258891989213938582e-04 1.884601780813846160e-03 1.383015396194621624e-03
1.193555856324468181e+02 5.041078229353610808e-04 1.725682285130948450e-03 1.228034080772658987e-03
1.208505559337968123e+02 2.817025568361873969e-04 1.620426353307453720e-03 1.062946750671467421e-03
1.223455287283019857e+02 4.417003421213694045e-05 1.481094706207645171e-03 9.179263609389137464e-04
1.238404931753008356e+02 -9.774027545746438348e-05 1.366674993644873643e-03 8.256845579829660700e-04
1.253354557077948925e+02 -2.567479618799883520e-04 1.322420571367497735e-03 6.707961293131802600e-04
1.268304335947566415e+02 -3.686523134412991948e-04 1.192347209611977366e-03 6.333477145015275296e-04
1.283254010838170132e+02 -4.711995056436203981e-04 1.118932265135022443e-03 4.378353859183485726e-04
1.298203600230037580e+02 -5.185262388614923822e-04 1.044100237116495555e-03 3.111930884676637776e-04
1.313153319585105976e+02 -5.992345757859791466e-04 1.007229718154759512e-03 2.870859138647822084e-04
1.328103037066355796e+02 -6.503057105023278724e-04 9.685473059063879437e-04 2.687205902394863713e-04
1.343052678108481359e+02 -6.983524270912114208e-04 8.334563777285172986e-04 2.788107784513585452e-04
1.358002440485452382e+02 -7.308505941888733537e-04 7.666585039841130461e-04 1.603718475613379805e-04
1.372952170262948925e+02 -7.503542004468423442e-04 7.542324984152234523e-04 7.488011924479939308e-05
1.387901791184071953e+02 -8.139252665915921829e-04 6.549313051618484626e-04 9.668237424568659896e-05
1.402851567489455533e+02 -7.916255292794555608e-04 5.861622096917110331e-04 1.781808250237102497e-05
1.417801274321827805e+02 -8.136787808595808509e-04 5.769855156004426774e-04 2.337443485292498728e-07
1.432751035513731495e+02 -8.028825492173535501e-04 5.508903377575006307e-04 -1.015658987755700199e-06
1.447700758634045144e+02 -8.051495379484049095e-04 4.710554765956377469e-04 -4.412611862134169623e-05
1.462650465918539453e+02 -7.958938719095774066e-04 4.588508687794254750e-04 -6.004478492575193493e-05
1.477600168886406209e+02 -7.926120425490597006e-04 4.954772272548470203e-04 -6.369982249930598297e-05
1.492549945885754141e+02 -8.011501684385733497e-04 4.148042588927754442e-04 -5.798020779332664377e-05
