2.320459606657060547e+01 9.435474968867700596e-03
3.557843606655953295e+01 3.890636649217424012e-03
4.218504298743644654e+01 6.089100907708052887e-03
4.705726189718703267e+01 8.442719660071817955e-03
5.099051402166644209e+01 1.106347368372371555e-02
5.431889252467414053e+01 1.364711615336289610e-02
5.721315268193700376e+01 1.622964257279990372e-02
5.978158973339195370e+01 1.897769369766892644e-02
6.209433960518468609e+01 2.176886671170950513e-02
6.419466241449337929e+01 2.457765020615020057e-02
6.612419006475387562e+01 2.751596043647635756e-02
6.791330907319833443e+01 3.050360937895858424e-02
6.957732615286049338e+01 3.362463378161354571e-02
7.113034211167725118e+01 3.672732192630042553e-02
7.258356923430730490e+01 3.980838064968407475e-02
7.394487428350072378e+01 4.321835310349806530e-02
7.522331275686508434e+01 4.694484876706320892e-02
7.642427668410503827e+01 5.052907933472210178e-02
7.755229681520431484e+01 5.432674391218460935e-02
7.860758969577561572e+01 5.602419532697409249e-02
7.960195582456280761e+01 6.214374292643171094e-02
8.053482075499772463e+01 6.726209704169999748e-02
8.139536355831509695e+01 6.957049427471877212e-02
8.221161538126843027e+01 7.827177310752282680e-02
8.294396779062689973e+01 8.162329363358918066e-02
8.360377778242562385e+01 8.834210153668341226e-02
8.418849809451452870e+01 9.049561639099518162e-02
8.476825232241162666e+01 9.204006296920334840e-02
8.534429134018256491e+01 9.211502061812484876e-02
8.591611751151221199e+01 8.996412750585836005e-02
8.648787618044860892e+01 8.664205087050093346e-02
8.713500570714128912e+01 7.821528611648868867e-02
8.782952987578893556e+01 7.504883896792395592e-02
8.858884422322744001e+01 6.589337593272309723e-02
8.936725269266855776e+01 6.329641845888636653e-02
9.019555105702019659e+01 5.730824369699807908e-02
9.104526362207505485e+01 5.415580534128053986e-02
9.193150625827998113e+01 5.001205563272560772e-02
9.284800874069560450e+01 4.459658411627314550e-02
9.378627205336732686e+01 4.315259222401267997e-02
9.475818221477250347e+01 3.986217689446801965e-02
9.575299574404125735e+01 3.629895276286387862e-02
9.677173546216809541e+01 3.443837170378920981e-02
9.781871003542622134e+01 3.188812906299073879e-02
9.888791037382671334e+01 2.892336428835585657e-02
9.997834030210734113e+01 2.751013033240043426e-02
1.010947009979914668e+02 2.544727658915395957e-02
1.022345033294266159e+02 2.359424977881439608e-02
1.033955013760886885e+02 2.149386063004852382e-02
1.045778648895008871e+02 2.025994041318746747e-02
1.057833878248733299e+02 1.877065834827289226e-02
1.070110860943051421e+02 1.734695609925973950e-02
1.082608528089427011e+02 1.600627526135143044e-02
1.095328845615829039e+02 1.472842381160112055e-02
1.108262173224571114e+02 1.362589909484053161e-02
1.121415823239398009e+02 1.266425646904052391e-02
1.134792830907292398e+02 1.170318009697104457e-02
1.148395213334508611e+02 1.077486178679332857e-02
1.162227185212316556e+02 9.944713250824615408e-03
1.176283698512291807e+02 9.152705653993039106e-03
1.190574773856671840e+02 8.463869560471426814e-03
1.205108401969056615e+02 7.768300832335312336e-03
1.219877299000141164e+02 7.199381801473924911e-03
1.234890607416803903e+02 6.632519143739754389e-03
1.250160359760663766e+02 6.141832835891248427e-03
1.265690108036768322e+02 5.629320233590229781e-03
1.281476778288868275e+02 5.190547782825224998e-03
1.297547931437176487e+02 4.820130067708870356e-03
1.313897589845983020e+02 4.436532384192591778e-03
1.330539489594310965e+02 4.122163953297955201e-03
1.347477884927529601e+02 3.784113938701656743e-03
1.364741983673771699e+02 3.481905703781333541e-03
1.382331238252461105e+02 3.236773924436746851e-03
1.400268443055296359e+02 3.013316245317088950e-03
1.418560657337698672e+02 2.836813307087529979e-03
1.437226776082346760e+02 2.636365255087647508e-03
1.456298150901808981e+02 2.461712495152631585e-03
1.475794020589326578e+02 2.345435121626007757e-03
1.495728191663954192e+02 2.239293982457316728e-03
1.516141032607649777e+02 2.155285108724973742e-03
1.537064600918261306e+02 2.073687427306062335e-03
1.558526886866116570e+02 2.022094597704128700e-03
1.580584060142979013e+02 1.972012525059462038e-03
1.603264550598733820e+02 1.970966952978321467e-03
1.626649975792074088e+02 1.990080403553898605e-03
1.650782662873236575e+02 2.025655142866073909e-03
1.675747761949888854e+02 2.120875126385363043e-03
1.701649241954414720e+02 2.148483072138023930e-03
1.728575911407259014e+02 1.957269801766380480e-03
1.756679056476714322e+02 1.724187354460075079e-03
1.786127014820998227e+02 1.490342545145135599e-03
1.817129143931734632e+02 1.223836016542263283e-03
1.849973114020741320e+02 9.337251493589693611e-04
1.885044271999068144e+02 6.383107908259336074e-04
1.922866504245529029e+02 3.609428246454613473e-04
1.964252932273945191e+02 1.373518510005606219e-04
2.010477984384010881e+02 -2.438760169684311234e-05
2.063871045227404295e+02 -1.418971220679158206e-04
2.129667638135286438e+02 -1.933191662194867798e-04
2.230159185754621944e+02 -1.809793158245078524e-04
