2.320448918980945763e+01 2.655513197899316349e-02
3.557842032890851414e+01 9.444800791564542802e-03
4.218502584553528578e+01 7.660087077462023226e-03
4.705725702940925714e+01 7.059988774938730921e-03
5.099049911789497713e+01 6.919852820602914387e-03
5.431886493858980458e+01 6.949760233075417612e-03
5.721312807510815901e+01 7.163671352080407291e-03
5.978156684382474140e+01 7.432292354253754001e-03
6.209431079984410928e+01 7.772258327583434975e-03
6.419462558810251096e+01 8.086328980531460112e-03
6.612414076861742274e+01 8.458727243101139132e-03
6.791326656382858573e+01 8.933847252511986983e-03
6.957726993073372057e+01 9.371847413437548943e-03
7.113028744309887941e+01 9.883706003256907680e-03
7.258349044997007127e+01 1.041327682419920103e-02
7.394478013829791507e+01 1.094022535137900883e-02
7.522319257628913647e+01 1.157440887351730320e-02
7.642415808740854288e+01 1.217423865477208073e-02
7.755217202593449599e+01 1.279283250168164465e-02
7.860743681755796786e+01 1.309784071731087511e-02
7.960177704055884362e+01 1.413351850613666673e-02
8.053464691260087704e+01 1.502505361879290235e-02
8.139516884341472291e+01 1.539119964282704631e-02
8.221143532709758972e+01 1.696461461869349513e-02
8.294378792469636608e+01 1.755636074931816656e-02
8.360379141005240911e+01 1.878153441354215442e-02
8.418855771303834956e+01 1.914106982420493708e-02
8.476828294777064343e+01 1.938723440805662640e-02
8.534428734137971162e+01 1.938375748183398042e-02
8.591608690890464572e+01 1.898814270983120028e-02
8.648794205109123823e+01 1.829969931863963811e-02
8.713522868236398722e+01 1.674767199149905170e-02
8.782972920806619754e+01 1.608653432829364530e-02
8.858908854998172444e+01 1.436470718566003335e-02
8.936746038064826791e+01 1.386771998817648045e-02
9.019574732165047237e+01 1.274471262387098271e-02
9.104544919459573293e+01 1.212071912572933695e-02
9.193169553819564044e+01 1.131305710869028903e-02
9.284816124189313769e+01 1.025716579719412533e-02
9.378641042450855991e+01 9.897940116460408194e-03
9.475832319696428385e+01 9.248543703733949281e-03
9.575310764676251551e+01 8.542643581606486000e-03
9.677183368178837952e+01 8.189796208055993496e-03
9.781880017185717691e+01 7.635892451088355931e-03
9.888800253111385530e+01 7.034671070155334820e-03
9.997840065372402307e+01 6.681743396006249898e-03
1.010947540829469773e+02 6.274459144812642372e-03
1.022345507230839843e+02 5.853309375268486540e-03
1.033955524505537653e+02 5.341130932116050500e-03
1.045779194923894977e+02 5.071309231677594183e-03
1.057834326969591814e+02 4.690434545215686236e-03
1.070111146873047971e+02 4.363142541055077019e-03
1.082608868358210970e+02 4.053496374723590881e-03
1.095329053916592699e+02 3.739291883548905970e-03
1.108262395404421312e+02 3.481524261954976537e-03
1.121416091890885554e+02 3.205182602683683338e-03
1.134793011061534003e+02 2.968433440439593573e-03
1.148395322477492329e+02 2.737812626121943413e-03
1.162227342587367076e+02 2.522629704313167007e-03
1.176283924211738565e+02 2.327063024776192257e-03
1.190574943098484511e+02 2.141206798970049507e-03
1.205108611847937112e+02 1.963306178822260117e-03
1.219877467867246139e+02 1.798454469881609645e-03
1.234890658623632049e+02 1.646846245586972403e-03
1.250160427461556054e+02 1.519116892462889223e-03
1.265690279075058271e+02 1.394032187456088973e-03
1.281476794028148731e+02 1.275466602449209499e-03
1.297547963608684825e+02 1.174209597809912960e-03
1.313897733089667383e+02 1.088159261287735590e-03
1.330539560887085315e+02 9.947749602578484160e-04
1.347477919180799120e+02 9.272607756809187569e-04
1.364742042075247355e+02 8.451143276058589986e-04
1.382331293568729507e+02 7.771144327936154806e-04
1.400268543300296358e+02 7.170544389575870311e-04
1.418560667864499578e+02 6.644865376806436547e-04
1.437226853608876809e+02 6.259401355382304471e-04
1.456298258522508888e+02 5.825097479324976629e-04
1.475794131366484123e+02 5.532342598225268790e-04
1.495728237650729113e+02 5.316400042824647896e-04
1.516141094405774652e+02 5.136365101261821135e-04
1.537064646068223510e+02 4.894561138880269228e-04
1.558526897989551685e+02 4.788517326226307200e-04
1.580584106541304266e+02 4.686739755583480427e-04
1.603264602291040148e+02 4.796527938224238183e-04
1.626650056334138981e+02 4.929810164916565395e-04
1.650782754061170863e+02 5.096828508307071209e-04
1.675747952360710542e+02 5.505175549771600813e-04
1.701649123132814907e+02 5.583812835728567577e-04
1.728575718663423402e+02 4.941060892487664875e-04
1.756678889968722501e+02 4.118049863211283848e-04
1.786126914985512144e+02 3.449934593912244783e-04
1.817129046715322147e+02 2.703235682720753316e-04
1.849973056293358127e+02 1.999823841265446973e-04
1.885044206354908169e+02 1.302668440276785614e-04
1.922866446288749387e+02 7.150166217444935222e-05
1.964252874415167582e+02 2.325941721966958157e-05
2.010477990473174543e+02 -5.915298583802748772e-06
2.063871021457108554e+02 -2.612690668363937550e-05
2.129667631028817425e+02 -3.243428549673824465e-05
2.230159137619259297e+02 -2.825060689560382555e-05
