2.320440465250618800e+01 3.537694119413323235e-02
3.557840687951560454e+01 1.118904766669067546e-02
4.218501459979526658e+01 8.544896862344121199e-03
4.705724509470313421e+01 7.548376112954782551e-03
5.099048180351433501e+01 7.158750313248406563e-03
5.431885488894052116e+01 7.059177772429084050e-03
5.721311927251692708e+01 7.103652569077629868e-03
5.978154469173526309e+01 7.278120553050695420e-03
6.209427478463865668e+01 7.509124039196535608e-03
6.419459850392196643e+01 7.774252346897329163e-03
6.612411826042240648e+01 8.048743596232716541e-03
6.791322975394535888e+01 8.448210227256728461e-03
6.957721942051233555e+01 8.820050500082067188e-03
7.113022218905896921e+01 9.238719391525731378e-03
7.258342673031654613e+01 9.730166919476219284e-03
7.394468987083064349e+01 1.018053132752627134e-02
7.522310331491394209e+01 1.076288246002390925e-02
7.642403432800490748e+01 1.130737562520416420e-02
7.755202758485501136e+01 1.182713990287989278e-02
7.860732540771280696e+01 1.212106212680686551e-02
7.960161078230900955e+01 1.305212557389065844e-02
8.053448905489109677e+01 1.388957818762100171e-02
8.139498236168545020e+01 1.422398994772140247e-02
8.221120890126462655e+01 1.563566129526587981e-02
8.294359954865893769e+01 1.623624893663059079e-02
8.360382072874303105e+01 1.728600718766066038e-02
8.418859940707014289e+01 1.765981711006768887e-02
8.476830668813524028e+01 1.789849338406258178e-02
8.534429126272831923e+01 1.785105123247208644e-02
8.591606844568816825e+01 1.746637245345619358e-02
8.648797852974209377e+01 1.685884234573338525e-02
8.713545629900070821e+01 1.545699716069227903e-02
8.783000949546924119e+01 1.488171058465640947e-02
8.858929661449839443e+01 1.330306605669384461e-02
8.936767167597838579e+01 1.282867366487993460e-02
9.019593782975833562e+01 1.179101536564229787e-02
9.104559945671229571e+01 1.123964546371395909e-02
9.193185857037654785e+01 1.050047638409307843e-02
9.284829707283512334e+01 9.512403381939097541e-03
9.378654596793006704e+01 9.216340253637624741e-03
9.475843958592383842e+01 8.600794707431738337e-03
9.575319202284555331e+01 7.965662482735754238e-03
9.677194472717607709e+01 7.617425070164001062e-03
9.781888948598287925e+01 7.120359289679881361e-03
9.888806510868379007e+01 6.590616931105750323e-03
9.997846681885782516e+01 6.261235204879998795e-03
1.010948181388188232e+02 5.867220540795635951e-03
1.022346031328434748e+02 5.485981123518540899e-03
1.033955958240026263e+02 5.003842791714034274e-03
1.045779423685757337e+02 4.752405641580556388e-03
1.057834642273626855e+02 4.389593934213557869e-03
1.070111476011644669e+02 4.082489354941772064e-03
1.082609198224127454e+02 3.803752785500161965e-03
1.095329344274938279e+02 3.495523297584367250e-03
1.108262583278730347e+02 3.263323050001194856e-03
1.121416336732199710e+02 2.991024475481612963e-03
1.134793139769326586e+02 2.765743134437817410e-03
1.148395491863256126e+02 2.556401466536226564e-03
1.162227503265941948e+02 2.346558339691824473e-03
1.176283973220299544e+02 2.154085904349342835e-03
1.190575044688316808e+02 1.977470019506574143e-03
1.205108590026551809e+02 1.828196543501340969e-03
1.219877518682865229e+02 1.671203013310798438e-03
1.234890715797967147e+02 1.523729819369797848e-03
1.250160533814652553e+02 1.412843038030704235e-03
1.265690297686140866e+02 1.286192683668788486e-03
1.281476962203451535e+02 1.191690818500177381e-03
1.297548053891875668e+02 1.088794922293519467e-03
1.313897740487917645e+02 1.017242755203373377e-03
1.330539588048789312e+02 9.362560882176346969e-04
1.347478080152585562e+02 8.782712375039296304e-04
1.364742066666441644e+02 8.027191371663269315e-04
1.382331369140405855e+02 7.493007634133992808e-04
1.400268512996452159e+02 7.031308422279445572e-04
1.418560755747259350e+02 6.546492266413028250e-04
1.437226917298051774e+02 6.170995141826756802e-04
1.456298236172301870e+02 5.856477185120595409e-04
1.475794106245808166e+02 5.619286138079603553e-04
1.495728235312869288e+02 5.487949771993950966e-04
1.516141115830230319e+02 5.335914067632643821e-04
1.537064651265829696e+02 5.250596434355967162e-04
1.558526958152070279e+02 5.304939444158687963e-04
1.580584165884920651e+02 5.263575016648770408e-04
1.603264658621168621e+02 5.500444735721291781e-04
1.626650078777048805e+02 5.785837928864714583e-04
1.650782837653029560e+02 6.110697839108631974e-04
1.675748064026184636e+02 6.732983257085494496e-04
1.701649070369821857e+02 6.926220046579955030e-04
1.728575665645371089e+02 6.119857136457141408e-04
1.756678802068113612e+02 5.161583857345935318e-04
1.786126831610791328e+02 4.244622510413084714e-04
1.817128939293206713e+02 3.438458991913923642e-04
1.849972992597348025e+02 2.589740112728481378e-04
1.885044162786989830e+02 1.806404317510464596e-04
1.922866461210721241e+02 1.148180174213613074e-04
1.964252851868252776e+02 6.163204039277883877e-05
2.010477972009753387e+02 2.653569434784993725e-05
2.063870940817895701e+02 1.009489774469255825e-06
2.129667598373124235e+02 -1.242699341810770303e-05
2.230159153142414254e+02 -1.416723362228388209e-05
