2.320474192661589186e+01 4.394088810478067458e-03
3.557844982191797101e+01 5.005008777740296670e-03
4.218505336019642016e+01 5.379127300817489014e-03
4.705727835450053931e+01 5.805609474282995459e-03
5.099052741253078835e+01 6.303652655327164796e-03
5.431890668542926903e+01 6.770912684072562943e-03
5.721317191103083388e+01 7.292530038813596627e-03
5.978161427026049068e+01 7.855868118141994677e-03
6.209437035772084101e+01 8.400762989660075231e-03
6.419470015804446916e+01 8.955777381424879363e-03
6.612423467480824968e+01 9.508312970411861645e-03
6.791336404234172619e+01 1.017430128563637237e-02
6.957739877608204893e+01 1.079009124526442501e-02
7.113042447129429036e+01 1.146764937702759481e-02
7.258365300814223531e+01 1.215251195130654348e-02
7.394497351605355107e+01 1.285869878175681207e-02
7.522343136358803406e+01 1.364721991349406721e-02
7.642441341708297387e+01 1.442750989101585987e-02
7.755244085597824721e+01 1.519008022059936333e-02
7.860774255658412812e+01 1.556412168273843023e-02
7.960214222952006935e+01 1.684497231486491511e-02
8.053501141482395553e+01 1.793616115011217524e-02
8.139555535259951569e+01 1.839409956879121608e-02
8.221181387229287907e+01 2.030160368293866882e-02
8.294415298405651527e+01 2.099773867299591090e-02
8.360375907537489582e+01 2.248566161097835178e-02
8.418843429746105755e+01 2.292547792434793813e-02
8.476822546943644454e+01 2.326651154073274691e-02
8.534428764615620366e+01 2.321295985975526527e-02
8.591615557997148755e+01 2.272751348305990238e-02
8.648781793413098740e+01 2.193066519682463841e-02
8.713477125437523796e+01 2.001743721512234606e-02
8.782928051186314633e+01 1.925883216717812207e-02
8.858861670746560435e+01 1.717046343415256152e-02
8.936701584164465828e+01 1.654306631575077138e-02
9.019533358074254181e+01 1.515076010890575690e-02
9.104506503210241419e+01 1.442528608058695969e-02
9.193131464188208213e+01 1.341661205859838620e-02
9.284784936316016513e+01 1.212670546957412068e-02
9.378610958797557373e+01 1.169864012102140270e-02
9.475804046601072628e+01 1.088203218610611471e-02
9.575287287033343375e+01 1.001617361139935276e-02
9.677162343330834915e+01 9.580230433404500132e-03
9.781860087536652770e+01 8.901344319897424792e-03
9.888782348600295791e+01 8.194485517005752062e-03
9.997825429321237323e+01 7.764663174525789427e-03
1.010946207057296391e+02 7.281038928808126857e-03
1.022344335721611799e+02 6.774894642838185516e-03
1.033954380335650143e+02 6.178268441249456025e-03
1.045778152256436897e+02 5.862121450675163506e-03
1.057833423746099015e+02 5.434356258128342915e-03
1.070110444128573874e+02 5.050287497556159994e-03
1.082608198660245193e+02 4.706300522826988367e-03
1.095328431245550007e+02 4.339991680344430607e-03
1.108261864898890252e+02 4.045517966631909275e-03
1.121415610193197665e+02 3.734921250286810795e-03
1.134792604573542008e+02 3.471369117326597413e-03
1.148394982226902670e+02 3.214302752165157026e-03
1.162227013121880077e+02 2.974187256876351451e-03
1.176283538120973446e+02 2.742779414282843151e-03
1.190574640783625711e+02 2.528686706962162030e-03
1.205108295288778208e+02 2.329501194112744856e-03
1.219877180180586578e+02 2.135407483452543380e-03
1.234890476604133767e+02 1.959127276333333563e-03
1.250160235636568302e+02 1.809927128956483749e-03
1.265690075939702837e+02 1.657166143464744272e-03
1.281476682385755055e+02 1.516726332987445051e-03
1.297547863416806422e+02 1.397967243331825786e-03
1.313897579679268404e+02 1.279642086906450458e-03
1.330539417453748854e+02 1.166793667293896742e-03
1.347477841912326539e+02 1.075954835236839604e-03
1.364741957148832228e+02 9.658664959593353527e-04
1.382331170308733874e+02 8.833697026941895710e-04
1.400268384225239231e+02 7.986873069451816930e-04
1.418560575049675379e+02 7.251429920876630150e-04
1.437226744692746934e+02 6.546702681817040490e-04
1.456298125629217566e+02 5.920341789275091653e-04
1.475793988428353885e+02 5.416789977088586451e-04
1.495728117778669457e+02 4.884284114981829201e-04
1.516141001642155288e+02 4.480826066362899587e-04
1.537064570756475064e+02 4.047618424815513827e-04
1.558526805384850036e+02 3.685372710127535244e-04
1.580583995443966501e+02 3.270919209390835678e-04
1.603264459785756060e+02 3.047559484966828663e-04
1.626649881685354160e+02 2.821670374743005154e-04
1.650782513206736439e+02 2.609125381580158429e-04
1.675747521626485934e+02 2.395508888561371532e-04
1.701649366425186827e+02 2.121492544873130226e-04
1.728576061698915396e+02 1.985015383341124382e-04
1.756679253489209032e+02 1.623547582236261081e-04
1.786127132948592191e+02 1.393167976373011038e-04
1.817129237366365828e+02 9.799870966687279888e-05
1.849973198596777308e+02 5.029541545531136028e-05
1.885044311332343909e+02 -3.867805629590855597e-07
1.922866548332490311e+02 -4.324248630606674265e-05
1.964252948211598095e+02 -7.374110424695939675e-05
2.010478026622849370e+02 -9.035550030461067202e-05
2.063871051704243769e+02 -9.753717057292047806e-05
2.129667665195689494e+02 -8.830871298430962191e-05
2.230159192774135875e+02 -6.500063544026650757e-05
