2.320440465250618800e+01 2.014030388801723095e-02
3.557840687951560454e+01 3.260153028256127048e-03
4.218501459979526658e+01 5.152660151522200048e-03
4.705724509470313421e+01 7.087713541243488222e-03
5.099048180351433501e+01 9.212111954074385725e-03
5.431885488894052116e+01 1.143877216300368503e-02
5.721311927251692708e+01 1.360862659341220519e-02
5.978154469173526309e+01 1.591631668597625823e-02
6.209427478463865668e+01 1.829410904574048369e-02
6.419459850392196643e+01 2.066500234418786747e-02
6.612411826042240648e+01 2.305304141503407289e-02
6.791322975394535888e+01 2.559131896926662014e-02
6.957721942051233555e+01 2.808673446532793452e-02
7.113022218905896921e+01 3.079959228750996439e-02
7.258342673031654613e+01 3.336107461253909334e-02
7.394468987083064349e+01 3.616198501195024700e-02
7.522310331491394209e+01 3.931758135558335171e-02
7.642403432800490748e+01 4.233979298884470860e-02
7.755202758485501136e+01 4.552819577221442482e-02
7.860732540771280696e+01 4.703247832781155824e-02
7.960161078230900955e+01 5.210508764561232187e-02
8.053448905489109677e+01 5.632787817303686051e-02
8.139498236168545020e+01 5.832826883801918438e-02
8.221120890126462655e+01 6.562493296357221895e-02
8.294359954865893769e+01 6.858966542274058664e-02
8.360382072874303105e+01 7.391238169440238204e-02
8.418859940707014289e+01 7.591492121498019663e-02
8.476830668813524028e+01 7.701343715184606753e-02
8.534429126272831923e+01 7.721012667013922581e-02
8.591606844568816825e+01 7.542162778326906569e-02
8.648797852974209377e+01 7.259891329725025322e-02
8.713545629900070821e+01 6.556857676119434708e-02
8.783000949546924119e+01 6.290707761982818058e-02
8.858929661449839443e+01 5.529716806401226842e-02
8.936767167597838579e+01 5.307871091005893910e-02
9.019593782975833562e+01 4.806783004692796041e-02
9.104559945671229571e+01 4.541699811733147796e-02
9.193185857037654785e+01 4.194509343126233414e-02
9.284829707283512334e+01 3.744287365477846213e-02
9.378654596793006704e+01 3.622564962211630157e-02
9.475843958592383842e+01 3.344322771847499376e-02
9.575319202284555331e+01 3.050862408956497504e-02
9.677194472717607709e+01 2.891183601581191406e-02
9.781888948598287925e+01 2.675508499278156024e-02
9.888806510868379007e+01 2.429208334704793110e-02
9.997846681885782516e+01 2.312532091712905802e-02
1.010948181388188232e+02 2.141865279826476662e-02
1.022346031328434748e+02 1.985170654290488446e-02
1.033955958240026263e+02 1.808098599286703245e-02
1.045779423685757337e+02 1.708252597030308559e-02
1.057834642273626855e+02 1.585051302348759739e-02
1.070111476011644669e+02 1.469480269842367987e-02
1.082609198224127454e+02 1.353433524045169131e-02
1.095329344274938279e+02 1.249321442975537787e-02
1.108262583278730347e+02 1.161131015063760104e-02
1.121416336732199710e+02 1.079673703079303028e-02
1.134793139769326586e+02 1.002803173779585194e-02
1.148395491863256126e+02 9.214485826114407474e-03
1.162227503265941948e+02 8.550860575901812755e-03
1.176283973220299544e+02 7.899646140760713600e-03
1.190575044688316808e+02 7.306831861129308228e-03
1.205108590026551809e+02 6.763565315318489229e-03
1.219877518682865229e+02 6.282090762976472523e-03
1.234890715797967147e+02 5.813975511572381551e-03
1.250160533814652553e+02 5.407463989063992539e-03
1.265690297686140866e+02 5.006955934683998168e-03
1.281476962203451535e+02 4.656355910208764305e-03
1.297548053891875668e+02 4.368196938701432094e-03
1.313897740487917645e+02 4.061948962907763194e-03
1.330539588048789312e+02 3.819538745397027882e-03
1.347478080152585562e+02 3.561572583413618459e-03
1.364742066666441644e+02 3.324046723439819540e-03
1.382331369140405855e+02 3.140413936392829480e-03
1.400268512996452159e+02 2.984715158870863711e-03
1.418560755747259350e+02 2.863997320101818820e-03
1.437226917298051774e+02 2.741582092864785526e-03
1.456298236172301870e+02 2.636897725182780171e-03
1.475794106245808166e+02 2.595839687901889924e-03
1.495728235312869288e+02 2.567586289541399711e-03
1.516141115830230319e+02 2.555321271232514901e-03
1.537064651265829696e+02 2.565128183951828449e-03
1.558526958152070279e+02 2.600990839510181930e-03
1.580584165884920651e+02 2.651200495633995475e-03
1.603264658621168621e+02 2.773889768365274486e-03
1.626650078777048805e+02 2.926380809592769687e-03
1.650782837653029560e+02 3.113590644735817099e-03
1.675748064026184636e+02 3.455949990101948172e-03
1.701649070369821857e+02 3.611307332319245705e-03
1.728575665645371089e+02 3.202765330417561580e-03
1.756678802068113612e+02 2.763539518233818024e-03
1.786126831610791328e+02 2.325623919621268645e-03
1.817128939293206713e+02 1.919748720514573986e-03
1.849972992597348025e+02 1.513627182582843837e-03
1.885044162786989830e+02 1.130501231271071423e-03
1.922866461210721241e+02 7.837249948479732813e-04
1.964252851868252776e+02 4.956133695632149909e-04
2.010477972009753387e+02 2.759434046304254763e-04
2.063870940817895701e+02 1.096988488248584162e-04
2.129667598373124235e+02 8.286893452030402534e-07
2.230159153142414254e+02 -5.034895037596899585e-05
