2.320467928863907758e+01 9.390070187977446470e-03
3.557844377617944787e+01 5.997106479249214410e-03
4.218505030799686750e+01 5.879129801099594078e-03
4.705727260912979659e+01 6.076640064707488839e-03
5.099051996235321838e+01 6.423898771489319412e-03
5.431889897464386507e+01 6.808414370804409359e-03
5.721316296075951868e+01 7.248749994889572279e-03
5.978160238204937826e+01 7.752064031452123374e-03
6.209435547545523093e+01 8.253136401348674239e-03
6.419468290058755144e+01 8.753664179663438183e-03
6.612421387332551603e+01 9.271025438177746270e-03
6.791334378361669621e+01 9.902004289781055762e-03
6.957736882092757469e+01 1.048205687974386631e-02
7.113039041565556886e+01 1.111476553053577718e-02
7.258361617150657707e+01 1.175802316685073054e-02
7.394492777664778771e+01 1.243127182441126216e-02
7.522338316500356825e+01 1.318495365736268785e-02
7.642435955515222190e+01 1.393953739211123422e-02
7.755238045809093705e+01 1.464220004261440958e-02
7.860768327894987806e+01 1.500929500804285520e-02
7.960207116086984058e+01 1.623747507052000424e-02
8.053493347871715002e+01 1.728107935221279146e-02
8.139547460778717891e+01 1.771118590569404488e-02
8.221173602191900898e+01 1.954731413330638989e-02
8.294408250056764587e+01 2.022745863843383729e-02
8.360376551265711953e+01 2.166317866953322221e-02
8.418845434503224112e+01 2.207199511231366582e-02
8.476823726792447644e+01 2.239501076414113917e-02
8.534428866022247462e+01 2.233841157439938122e-02
8.591614468016983608e+01 2.189545391622148285e-02
8.648784190315772946e+01 2.111379652919456729e-02
8.713486270797803002e+01 1.928355460489209958e-02
8.782937187908443377e+01 1.855064066674882647e-02
8.858871486068146339e+01 1.654775325191376947e-02
8.936711374565257415e+01 1.594134565798965841e-02
9.019542221781834712e+01 1.460504311401161597e-02
9.104514612390002526e+01 1.390895108699121037e-02
9.193138530270323372e+01 1.294460501049838827e-02
9.284791701267029396e+01 1.170952314639765388e-02
9.378617237501754289e+01 1.130690786387396687e-02
9.475809708441572354e+01 1.051240407154828069e-02
9.575292048710375070e+01 9.688204869642610267e-03
9.677167169925100154e+01 9.259882899932658437e-03
9.781864641490936663e+01 8.609698633414129137e-03
9.888786078526771917e+01 7.935777815683683553e-03
9.997828706435728918e+01 7.521932571389174094e-03
1.010946527430321424e+02 7.050011211901564129e-03
1.022344648406985783e+02 6.572093459901686384e-03
1.033954572322470540e+02 5.994877811630496336e-03
1.045778352759873542e+02 5.684248364433842730e-03
1.057833626196764243e+02 5.270770431908572418e-03
1.070110672438337360e+02 4.892285541948929867e-03
1.082608355971808862e+02 4.554637624742194010e-03
1.095328539550959164e+02 4.202323063919242291e-03
1.108261989786718402e+02 3.919620726184924221e-03
1.121415748383958686e+02 3.615187240689353605e-03
1.134792667287185992e+02 3.351731544062235522e-03
1.148395096754064042e+02 3.108585149815182910e-03
1.162227081038834626e+02 2.875113946543180095e-03
1.176283606507863482e+02 2.648549437432304830e-03
1.190574696204467813e+02 2.441924774560338875e-03
1.205108337032316967e+02 2.246510618012252224e-03
1.219877241662188254e+02 2.058678880331327784e-03
1.234890520740247410e+02 1.890737027238971251e-03
1.250160306901431397e+02 1.744480788596716649e-03
1.265690087769072392e+02 1.596806442168117752e-03
1.281476757182529411e+02 1.464882415346433929e-03
1.297547886678888460e+02 1.350989142485579681e-03
1.313897610185354097e+02 1.237795299224392310e-03
1.330539418698660938e+02 1.132080720237314819e-03
1.347477846572914473e+02 1.045124042036294073e-03
1.364741950426929975e+02 9.417124196156133461e-04
1.382331202618205168e+02 8.645875048079369827e-04
1.400268409382980224e+02 7.807985262096454925e-04
1.418560586310966301e+02 7.134807239614885830e-04
1.437226772233924521e+02 6.484867239916301948e-04
1.456298173424365814e+02 5.893136470594168442e-04
1.475794032359120251e+02 5.442153218844768834e-04
1.495728104912170124e+02 5.008054310635557272e-04
1.516141052405013170e+02 4.621357326236761546e-04
1.537064559826060872e+02 4.271444680548869646e-04
1.558526834555661367e+02 3.951571861472113448e-04
1.580584021884451431e+02 3.608150164535200316e-04
1.603264477904299952e+02 3.465062337996777033e-04
1.626649922069229319e+02 3.298128571405515349e-04
1.650782570858426368e+02 3.166293238341123784e-04
1.675747636813767656e+02 3.078734164118584571e-04
1.701649295029256734e+02 2.899514278277566092e-04
1.728575993590156372e+02 2.649506174543924818e-04
1.756679154064976842e+02 2.182704186990487214e-04
1.786127069596801391e+02 1.866160335010708582e-04
1.817129183355744999e+02 1.361269779315754582e-04
1.849973178839748016e+02 8.280695544172019971e-05
1.885044291756968278e+02 2.783809326785250367e-05
1.922866549341029554e+02 -1.866493187072215784e-05
1.964252920279042485e+02 -5.357074274215483219e-05
2.010478007655501358e+02 -7.249303669475769111e-05
2.063871040139550530e+02 -8.196117703430823027e-05
2.129667648410468814e+02 -7.642720013989388027e-05
2.230159184807919246e+02 -5.719169460118159388e-05
