2.320474192661589186e+01 2.554708161725076192e-03
3.557844982191797101e+01 4.333100706363277217e-03
4.218505336019642016e+01 6.725757375411354523e-03
4.705727835450053931e+01 9.309763875745709003e-03
5.099052741253078835e+01 1.216824232415065175e-02
5.431890668542926903e+01 1.501486828853817491e-02
5.721317191103083388e+01 1.785271027627450061e-02
5.978161427026049068e+01 2.086317038141689145e-02
6.209437035772084101e+01 2.390765652248688644e-02
6.419470015804446916e+01 2.701586310315026718e-02
6.612423467480824968e+01 3.028918181373287805e-02
6.791336404234172619e+01 3.363791156053215492e-02
6.957739877608204893e+01 3.703530796426689198e-02
7.113042447129429036e+01 4.050263998693295203e-02
7.258365300814223531e+01 4.387905524603131352e-02
7.394497351605355107e+01 4.766256751914058065e-02
7.522343136358803406e+01 5.171454677766004066e-02
7.642441341708297387e+01 5.567830108249834792e-02
7.755244085597824721e+01 5.990596969622283274e-02
7.860774255658412812e+01 6.170948859163132710e-02
7.960214222952006935e+01 6.844448133187820693e-02
8.053501141482395553e+01 7.406098798951392392e-02
8.139555535259951569e+01 7.664769361860208907e-02
8.221181387229287907e+01 8.627358115269206928e-02
8.294415298405651527e+01 8.979951884964283704e-02
8.360375907537489582e+01 9.733636139242665686e-02
8.418843429746105755e+01 9.974183731476989057e-02
8.476822546943644454e+01 1.014087726029399006e-01
8.534428764615620366e+01 1.015389452611886734e-01
8.591615557997148755e+01 9.919780597968856639e-02
8.648781793413098740e+01 9.548761855582114932e-02
8.713477125437523796e+01 8.612035470162025808e-02
8.782928051186314633e+01 8.270289224116550431e-02
8.858861670746560435e+01 7.254716090563141651e-02
8.936701584164465828e+01 6.975853578596408200e-02
9.019533358074254181e+01 6.308372892905426965e-02
9.104506503210241419e+01 5.967986756758419248e-02
9.193131464188208213e+01 5.509156796401512568e-02
9.284784936316016513e+01 4.917357960683473722e-02
9.378610958797557373e+01 4.757552157551471483e-02
9.475804046601072628e+01 4.394444782321978160e-02
9.575287287033343375e+01 3.995135516191862524e-02
9.677162343330834915e+01 3.798637039642521751e-02
9.781860087536652770e+01 3.514313096670215741e-02
9.888782348600295791e+01 3.185588483694388323e-02
9.997825429321237323e+01 3.031446422079940584e-02
1.010946207057296391e+02 2.802667569269951670e-02
1.022344335721611799e+02 2.598204762204388285e-02
1.033954380335650143e+02 2.363458419665138976e-02
1.045778152256436897e+02 2.230688060416312693e-02
1.057833423746099015e+02 2.062535638752486036e-02
1.070110444128573874e+02 1.906458370790415843e-02
1.082608198660245193e+02 1.755678269275528364e-02
1.095328431245550007e+02 1.613578691060760240e-02
1.108261864898890252e+02 1.491769075985835760e-02
1.121415610193197665e+02 1.384679165728680030e-02
1.134792604573542008e+02 1.277326319523198334e-02
1.148394982226902670e+02 1.174231665313002493e-02
1.162227013121880077e+02 1.082743282928365358e-02
1.176283538120973446e+02 9.945591989544705011e-03
1.190574640783625711e+02 9.171569488835884174e-03
1.205108295288778208e+02 8.421989770640540482e-03
1.219877180180586578e+02 7.772669614674094021e-03
1.234890476604133767e+02 7.136603480345547236e-03
1.250160235636568302e+02 6.588490454509233867e-03
1.265690075939702837e+02 6.029669074741767984e-03
1.281476682385755055e+02 5.528120887083085890e-03
1.297547863416806422e+02 5.105615224070722026e-03
1.313897579679268404e+02 4.670845632018263971e-03
1.330539417453748854e+02 4.309718939895923820e-03
1.347477841912326539e+02 3.939650464992346980e-03
1.364741957148832228e+02 3.588707259360589437e-03
1.382331170308733874e+02 3.302700583667490201e-03
1.400268384225239231e+02 3.033879932191983937e-03
1.418560575049675379e+02 2.806281332585951280e-03
1.437226744692746934e+02 2.573789524314674948e-03
1.456298125629217566e+02 2.349778870172879782e-03
1.475793988428353885e+02 2.186433161279366811e-03
1.495728117778669457e+02 2.034412515742798060e-03
1.516141001642155288e+02 1.892547094314319875e-03
1.537064570756475064e+02 1.759600882406131290e-03
1.558526805384850036e+02 1.651946818682738629e-03
1.580583995443966501e+02 1.529963788861147264e-03
1.603264459785756060e+02 1.457965493717930340e-03
1.626649881685354160e+02 1.398122808688096862e-03
1.650782513206736439e+02 1.338867194836386920e-03
1.675747521626485934e+02 1.289725330080842029e-03
1.701649366425186827e+02 1.229324668598861343e-03
1.728576061698915396e+02 1.171262555633508125e-03
1.756679253489209032e+02 1.070131427149303115e-03
1.786127132948592191e+02 9.601469543145744589e-04
1.817129237366365828e+02 7.788315679579527065e-04
1.849973198596777308e+02 5.661841340523715918e-04
1.885044311332343909e+02 3.242612954349416519e-04
1.922866548332490311e+02 9.472817386892391572e-05
1.964252948211598095e+02 -8.762971696345232277e-05
2.010478026622849370e+02 -2.219040148446953058e-04
2.063871051704243769e+02 -3.071085988985888175e-04
2.129667665195689494e+02 -3.191110845473243973e-04
2.230159192774135875e+02 -2.648949439693887146e-04
