2.320448918980945763e+01 1.490463966365743187e-02
3.557842032890851414e+01 3.504703033631342141e-03
4.218502584553528578e+01 5.478831484101342325e-03
4.705725702940925714e+01 7.688084410340524123e-03
5.099049911789497713e+01 1.010051029163793607e-02
5.431886493858980458e+01 1.241913052684027151e-02
5.721312807510815901e+01 1.479664186464792371e-02
5.978156684382474140e+01 1.731928691769442710e-02
6.209431079984410928e+01 1.989814862848165999e-02
6.419462558810251096e+01 2.249576982658204466e-02
6.612414076861742274e+01 2.511136099564932611e-02
6.791326656382858573e+01 2.784033204152913665e-02
6.957726993073372057e+01 3.061443833689659125e-02
7.113028744309887941e+01 3.346238025183313064e-02
7.258349044997007127e+01 3.639189462547545023e-02
7.394478013829791507e+01 3.945203237511964167e-02
7.522319257628913647e+01 4.286096201205137624e-02
7.642415808740854288e+01 4.610748863356358557e-02
7.755217202593449599e+01 4.960011316269768988e-02
7.860743681755796786e+01 5.114471640309911638e-02
7.960177704055884362e+01 5.666726684973810019e-02
8.053464691260087704e+01 6.135286918665831812e-02
8.139516884341472291e+01 6.343349487667185316e-02
8.221143532709758972e+01 7.140724543358326071e-02
8.294378792469636608e+01 7.456678909569164349e-02
8.360379141005240911e+01 8.063883005783810398e-02
8.418855771303834956e+01 8.246851166996416183e-02
8.476828294777064343e+01 8.389830427871382279e-02
8.534428734137971162e+01 8.400410637490973720e-02
8.591608690890464572e+01 8.212761496344470058e-02
8.648794205109123823e+01 7.906791119629173747e-02
8.713522868236398722e+01 7.142703803087600833e-02
8.782972920806619754e+01 6.850676442155202717e-02
8.858908854998172444e+01 6.012967685722885730e-02
8.936746038064826791e+01 5.780287336142074517e-02
9.019574732165047237e+01 5.229914959188892293e-02
9.104544919459573293e+01 4.941837410324852187e-02
9.193169553819564044e+01 4.558188164223386102e-02
9.284816124189313769e+01 4.073151658283333948e-02
9.378641042450855991e+01 3.938173765959550321e-02
9.475832319696428385e+01 3.640147938084597329e-02
9.575310764676251551e+01 3.305889212848271003e-02
9.677183368178837952e+01 3.149403734736110072e-02
9.781880017185717691e+01 2.913889726669112792e-02
9.888800253111385530e+01 2.639966323263389508e-02
9.997840065372402307e+01 2.512163421263865354e-02
1.010947540829469773e+02 2.320565020668293246e-02
1.022345507230839843e+02 2.154452971793426388e-02
1.033955524505537653e+02 1.968502244294883380e-02
1.045779194923894977e+02 1.857296987584649423e-02
1.057834326969591814e+02 1.716061710776710728e-02
1.070111146873047971e+02 1.590122372558693681e-02
1.082608868358210970e+02 1.467729855948381873e-02
1.095329053916592699e+02 1.352447989747694763e-02
1.108262395404421312e+02 1.252016901949907016e-02
1.121416091890885554e+02 1.166733258977766322e-02
1.134793011061534003e+02 1.078402113629886583e-02
1.148395322477492329e+02 9.932684467927542851e-03
1.162227342587367076e+02 9.199737169659173361e-03
1.176283924211738565e+02 8.487234875387789784e-03
1.190574943098484511e+02 7.849878411818911675e-03
1.205108611847937112e+02 7.221659387511776204e-03
1.219877467867246139e+02 6.707801460257054038e-03
1.234890658623632049e+02 6.201082653974787640e-03
1.250160427461556054e+02 5.765743965971643209e-03
1.265690279075058271e+02 5.305739575897835784e-03
1.281476794028148731e+02 4.898456366028293429e-03
1.297547963608684825e+02 4.558958200487386349e-03
1.313897733089667383e+02 4.235601489205543559e-03
1.330539560887085315e+02 3.944152877412196966e-03
1.347477919180799120e+02 3.673478952202533822e-03
1.364742042075247355e+02 3.399859616984185397e-03
1.382331293568729507e+02 3.188963412316741901e-03
1.400268543300296358e+02 3.001991410514270441e-03
1.418560667864499578e+02 2.849829505292799259e-03
1.437226853608876809e+02 2.706441537382114470e-03
1.456298258522508888e+02 2.566046673759821584e-03
1.475794131366484123e+02 2.469875632900919021e-03
1.495728237650729113e+02 2.425632838850670832e-03
1.516141094405774652e+02 2.373832107502747788e-03
1.537064646068223510e+02 2.333865220037814429e-03
1.558526897989551685e+02 2.334885387948995930e-03
1.580584106541304266e+02 2.334526753503555520e-03
1.603264602291040148e+02 2.411209059128503404e-03
1.626650056334138981e+02 2.495142577293496099e-03
1.650782754061170863e+02 2.609974253788160340e-03
1.675747952360710542e+02 2.839247987396073362e-03
1.701649123132814907e+02 2.941234493822701950e-03
1.728575718663423402e+02 2.624018219677155470e-03
1.756678889968722501e+02 2.277554553498106499e-03
1.786126914985512144e+02 1.944305596833569233e-03
1.817129046715322147e+02 1.593199588982150815e-03
1.849973056293358127e+02 1.244267236339849673e-03
1.885044206354908169e+02 9.075227292221593441e-04
1.922866446288749387e+02 5.946809838957193379e-04
1.964252874415167582e+02 3.296990338140623109e-04
2.010477990473174543e+02 1.392202860538782692e-04
2.063871021457108554e+02 -7.228166781801631328e-06
2.129667631028817425e+02 -8.503114484815910818e-05
2.230159137619259297e+02 -1.108760668389656098e-04
