2.320467928863907758e+01 5.476498728980251814e-03
3.557844377617944787e+01 4.168829885435582257e-03
4.218505030799686750e+01 6.481483318263457812e-03
4.705727260912979659e+01 8.956614285779524939e-03
5.099051996235321838e+01 1.170039727199662268e-02
5.431889897464386507e+01 1.447178444356699359e-02
5.721316296075951868e+01 1.716331749767851036e-02
5.978160238204937826e+01 2.006145656234272628e-02
6.209435547545523093e+01 2.302406002555830444e-02
6.419468290058755144e+01 2.599264355063210866e-02
6.612421387332551603e+01 2.911532398267981797e-02
6.791334378361669621e+01 3.234739401638232759e-02
6.957736882092757469e+01 3.562373708218086188e-02
7.113039041565556886e+01 3.894999194723923475e-02
7.258361617150657707e+01 4.218129826310342001e-02
7.394492777664778771e+01 4.582512447254174365e-02
7.522338316500356825e+01 4.976295506749980890e-02
7.642435955515222190e+01 5.361343280188305555e-02
7.755238045809093705e+01 5.757632332630068656e-02
7.860768327894987806e+01 5.932271579000813339e-02
7.960207116086984058e+01 6.582867260351892014e-02
8.053493347871715002e+01 7.120970552579843071e-02
8.139547460778717891e+01 7.365519276185863995e-02
8.221173602191900898e+01 8.292883418947044616e-02
8.294408250056764587e+01 8.637862121246486780e-02
8.360376551265711953e+01 9.363513988372590413e-02
8.418845434503224112e+01 9.591867447331201002e-02
8.476823726792447644e+01 9.752476112371315231e-02
8.534428866022247462e+01 9.757873661184654490e-02
8.591614468016983608e+01 9.539598565581236533e-02
8.648784190315772946e+01 9.176739784852526449e-02
8.713486270797803002e+01 8.284753289923520170e-02
8.782937187908443377e+01 7.952792311767878375e-02
8.858871486068146339e+01 6.978206305287781852e-02
8.936711374565257415e+01 6.704592015779307912e-02
9.019542221781834712e+01 6.065665815363475988e-02
9.104514612390002526e+01 5.736055021710215890e-02
9.193138530270323372e+01 5.297919180408976886e-02
9.284791701267029396e+01 4.728872228739852690e-02
9.378617237501754289e+01 4.575850090272841342e-02
9.475809708441572354e+01 4.225189187527372825e-02
9.575292048710375070e+01 3.846461949603490610e-02
9.677167169925100154e+01 3.653241780436439906e-02
9.781864641490936663e+01 3.377248328087702200e-02
9.888786078526771917e+01 3.065410250063210773e-02
9.997828706435728918e+01 2.915117636995809280e-02
1.010946527430321424e+02 2.694839206762481704e-02
1.022344648406985783e+02 2.500297472539307619e-02
1.033954572322470540e+02 2.276215152607705475e-02
1.045778352759873542e+02 2.146589661899459336e-02
1.057833626196764243e+02 1.986240933155513158e-02
1.070110672438337360e+02 1.836165236370319170e-02
1.082608355971808862e+02 1.691512632487559772e-02
1.095328539550959164e+02 1.554534585811017701e-02
1.108261989786718402e+02 1.438465009856170623e-02
1.121415748383958686e+02 1.335015399733700640e-02
1.134792667287185992e+02 1.232955870204800221e-02
1.148395096754064042e+02 1.133903610281600770e-02
1.162227081038834626e+02 1.047251457528859848e-02
1.176283606507863482e+02 9.616964902947201799e-03
1.190574696204467813e+02 8.880598942706978416e-03
1.205108337032316967e+02 8.162333741117735672e-03
1.219877241662188254e+02 7.542325853785317516e-03
1.234890520740247410e+02 6.927763081857796559e-03
1.250160306901431397e+02 6.402478654827487015e-03
1.265690087769072392e+02 5.868437940324367635e-03
1.281476757182529411e+02 5.386399236044352515e-03
1.297547886678888460e+02 4.985012325553918495e-03
1.313897610185354097e+02 4.570678548206471431e-03
1.330539418698660938e+02 4.231848893064686298e-03
1.347477846572914473e+02 3.881987425358805841e-03
1.364741950426929975e+02 3.550072688765173838e-03
1.382331202618205168e+02 3.282106364337509727e-03
1.400268409382980224e+02 3.028938031244584727e-03
1.418560586310966301e+02 2.817104718494892451e-03
1.437226772233924521e+02 2.599423815846700538e-03
1.456298173424365814e+02 2.392736590869586673e-03
1.475794032359120251e+02 2.248902907662790086e-03
1.495728104912170124e+02 2.120863656369855344e-03
1.516141052405013170e+02 1.999325404340333498e-03
1.537064559826060872e+02 1.892790147799470026e-03
1.558526834555661367e+02 1.808470183612867922e-03
1.580584021884451431e+02 1.712601001261959081e-03
1.603264477904299952e+02 1.669866973141625761e-03
1.626649922069229319e+02 1.646088873364359760e-03
1.650782570858426368e+02 1.623645255344546021e-03
1.675747636813767656e+02 1.634025336384998736e-03
1.701649295029256734e+02 1.613631664042077321e-03
1.728575993590156372e+02 1.496962755068161760e-03
1.756679154064976842e+02 1.340815792935724435e-03
1.786127069596801391e+02 1.181759396363400326e-03
1.817129183355744999e+02 9.578541568143085624e-04
1.849973178839748016e+02 7.152488762872011470e-04
1.885044291756968278e+02 4.512960122299545271e-04
1.922866549341029554e+02 2.030089860976633416e-04
1.964252920279042485e+02 2.609544973483160662e-07
2.010478007655501358e+02 -1.449440983669172728e-04
2.063871040139550530e+02 -2.410745817754136812e-04
2.129667648410468814e+02 -2.686516916407444191e-04
2.230159184807919246e+02 -2.319937230700321799e-04
