2.320459606657060547e+01 1.636454453704004608e-02
3.557843606655953295e+01 7.384010097432996446e-03
4.218504298743644654e+01 6.607309261847171128e-03
4.705726189718703267e+01 6.460680014862877317e-03
5.099051402166644209e+01 6.631030424275784207e-03
5.431889252467414053e+01 6.879465986113573149e-03
5.721315268193700376e+01 7.216242001795766976e-03
5.978158973339195370e+01 7.642169304330674248e-03
6.209433960518468609e+01 8.069320504139186612e-03
6.419466241449337929e+01 8.499812994455062387e-03
6.612419006475387562e+01 8.943113656276625856e-03
6.791330907319833443e+01 9.508597142671907851e-03
6.957732615286049338e+01 1.003529179490661970e-02
7.113034211167725118e+01 1.062419980484535960e-02
7.258356923430730490e+01 1.122056083988449623e-02
7.394487428350072378e+01 1.182921077530902157e-02
7.522331275686508434e+01 1.254010156472797240e-02
7.642427668410503827e+01 1.322882364374911197e-02
7.755229681520431484e+01 1.390952324622044337e-02
7.860758969577561572e+01 1.424146481294674520e-02
7.960195582456280761e+01 1.538555701319167975e-02
8.053482075499772463e+01 1.638093100937135574e-02
8.139536355831509695e+01 1.676473967403369764e-02
8.221161538126843027e+01 1.849610191400573658e-02
8.294396779062689973e+01 1.917970009006132737e-02
8.360377778242562385e+01 2.047674139378349856e-02
8.418849809451452870e+01 2.088361103984473152e-02
8.476825232241162666e+01 2.119790002965263320e-02
8.534429134018256491e+01 2.115470832059518011e-02
8.591611751151221199e+01 2.069688606898504799e-02
8.648787618044860892e+01 1.996665915048949705e-02
8.713500570714128912e+01 1.827095799189205547e-02
8.782952987578893556e+01 1.756878527717482472e-02
8.858884422322744001e+01 1.569761303783284712e-02
8.936725269266855776e+01 1.511342314955247020e-02
9.019555105702019659e+01 1.387672979635404258e-02
9.104526362207505485e+01 1.320519417216452565e-02
9.193150625827998113e+01 1.229149091328032503e-02
9.284800874069560450e+01 1.112089857665614530e-02
9.378627205336732686e+01 1.073968780634796533e-02
9.475818221477250347e+01 1.000331910310076414e-02
9.575299574404125735e+01 9.228728549581554155e-03
9.677173546216809541e+01 8.837846004322998453e-03
9.781871003542622134e+01 8.217474192790296533e-03
9.888791037382671334e+01 7.571736526221653843e-03
9.997834030210734113e+01 7.181903540068338906e-03
1.010947009979914668e+02 6.734299553818182300e-03
1.022345033294266159e+02 6.277469351095797331e-03
1.033955013760886885e+02 5.737237486337621283e-03
1.045778648895008871e+02 5.436589164261853603e-03
1.057833878248733299e+02 5.037295317135761889e-03
1.070110860943051421e+02 4.676133185705759650e-03
1.082608528089427011e+02 4.355157798385159325e-03
1.095328845615829039e+02 4.016661824531039295e-03
1.108262173224571114e+02 3.738105159099542382e-03
1.121415823239398009e+02 3.439101717082848359e-03
1.134792830907292398e+02 3.196864905777013072e-03
1.148395213334508611e+02 2.960928370118751443e-03
1.162227185212316556e+02 2.730096541634414401e-03
1.176283698512291807e+02 2.523279031834587717e-03
1.190574773856671840e+02 2.321061426643743035e-03
1.205108401969056615e+02 2.141559118018860220e-03
1.219877299000141164e+02 1.953139707744841469e-03
1.234890607416803903e+02 1.789853414854699525e-03
1.250160359760663766e+02 1.658542715476437474e-03
1.265690108036768322e+02 1.516020213099052378e-03
1.281476778288868275e+02 1.387916593997860337e-03
1.297547931437176487e+02 1.282182211732560504e-03
1.313897589845983020e+02 1.172432210716872498e-03
1.330539489594310965e+02 1.072142688580738322e-03
1.347477884927529601e+02 9.924806053866368823e-04
1.364741983673771699e+02 8.995487691947158570e-04
1.382331238252461105e+02 8.298216271869995019e-04
1.400268443055296359e+02 7.571003838312777680e-04
1.418560657337698672e+02 6.974487198282523781e-04
1.437226776082346760e+02 6.359714254818345930e-04
1.456298150901808981e+02 5.851373864043230401e-04
1.475794020589326578e+02 5.477653255213771853e-04
1.495728191663954192e+02 5.092477118867050736e-04
1.516141032607649777e+02 4.809558087213548360e-04
1.537064600918261306e+02 4.539852145621333713e-04
1.558526886866116570e+02 4.298011218199736510e-04
1.580584060142979013e+02 4.050536046958562128e-04
1.603264550598733820e+02 3.975713120069297789e-04
1.626649975792074088e+02 3.971297149695504408e-04
1.650782662873236575e+02 3.945549956528953935e-04
1.675747761949888854e+02 4.036507365707509248e-04
1.701649241954414720e+02 3.983362662609633668e-04
1.728575911407259014e+02 3.582964687376789608e-04
1.756679056476714322e+02 2.972063214393802673e-04
1.786127014820998227e+02 2.498715986414422243e-04
1.817129143931734632e+02 1.942772109814948855e-04
1.849973114020741320e+02 1.306987505004532076e-04
1.885044271999068144e+02 7.064880265970728676e-05
1.922866504245529029e+02 1.777679456829104601e-05
1.964252932273945191e+02 -2.167425790867331955e-05
2.010477984384010881e+02 -4.389883331378783865e-05
2.063871045227404295e+02 -5.821967601082550997e-05
2.129667638135286438e+02 -5.824318344828262448e-05
2.230159185754621944e+02 -4.511054470941150787e-05
