1.073600000000000021e-05 1.843591265999998541e+01
1.095299999999999999e-05 1.879433867999995300e+01
1.117400000000000008e-05 1.915977302999999665e+01
1.139999999999999927e-05 1.953121451999993496e+01
1.163000000000000046e-05 1.991166671999985738e+01
1.186500000000000075e-05 2.029812605999984498e+01
1.210500000000000015e-05 2.069259491999991951e+01
1.234899999999999984e-05 2.109507329999996728e+01
1.259900000000000084e-05 2.150456000999997741e+01
1.285300000000000044e-05 2.192305742999997165e+01
1.311299999999999964e-05 2.234856318000004194e+01
1.337799999999999965e-05 2.278307963999986896e+01
1.364800000000000045e-05 2.322560562000001028e+01
1.392399999999999916e-05 2.367714231000002201e+01
1.420500000000000037e-05 2.413768970999990415e+01
1.449199999999999948e-05 2.460624662999987322e+01
1.478499999999999990e-05 2.508481544999995094e+01
1.508299999999999942e-05 2.557239497999989908e+01
1.538799999999999904e-05 2.606898521999994500e+01
1.569899999999999996e-05 2.657558735999987221e+01
1.601600000000000048e-05 2.709220140000002175e+01
1.633999999999999941e-05 2.761882733999993889e+01
1.667000000000000133e-05 2.815546517999985099e+01
1.700599999999999947e-05 2.870311610999999630e+01
1.735000000000000160e-05 2.926077894000002289e+01
1.769999999999999994e-05 2.982945485999982793e+01
1.805799999999999888e-05 3.040914386999997987e+01
1.842299999999999962e-05 3.099984596999991027e+01
1.879499999999999877e-05 3.160256234999997105e+01
1.917499999999999852e-05 3.221629182000003766e+01
1.956200000000000007e-05 3.284303675999990446e+01
1.995699999999999883e-05 3.348079479000000447e+01
2.036000000000000158e-05 3.413156828999990466e+01
2.077200000000000034e-05 3.479535725999994611e+01
2.119100000000000091e-05 3.547116050999989056e+01
2.161900000000000087e-05 3.615997922999986258e+01
2.205600000000000025e-05 3.686281460999998671e+01
2.250199999999999903e-05 3.757966664999992190e+01
2.295599999999999841e-05 3.830953415999988465e+01
2.341999999999999938e-05 3.905441951999978301e+01
2.389299999999999977e-05 3.981332153999983348e+01
2.437599999999999836e-05 4.058724140999993324e+01
2.486799999999999975e-05 4.137617912999985492e+01
2.537100000000000154e-05 4.218013469999982590e+01
2.588299999999999935e-05 4.300010930999997072e+01
2.640600000000000095e-05 4.383510176999971009e+01
2.693900000000000076e-05 4.468711445999974785e+01
2.748399999999999978e-05 4.555614738000008401e+01
2.803900000000000039e-05 4.644119934000013927e+01
2.860500000000000141e-05 4.734327153000003818e+01
2.918300000000000164e-05 4.826336513999990530e+01
2.977300000000000107e-05 4.920148016999996798e+01
3.037400000000000091e-05 5.015761661999999887e+01
3.098800000000000214e-05 5.113277568000012252e+01
3.161399999999999920e-05 5.212595615999998699e+01
3.225200000000000224e-05 5.313916043999984140e+01
3.290400000000000209e-05 5.417138733000001594e+01
3.356900000000000335e-05 5.522463920999985021e+01
3.424699999999999923e-05 5.629791488999990179e+01
3.493800000000000329e-05 5.739221556000006785e+01
3.564399999999999958e-05 5.850754121999989366e+01
3.636399999999999946e-05 5.964389186999983394e+01
3.709899999999999835e-05 6.080326989000013782e+01
3.784800000000000084e-05 6.198467408999999861e+01
3.861299999999999775e-05 6.318910565999999562e+01
3.939300000000000044e-05 6.441756578999979865e+01
4.018899999999999757e-05 6.566905328999996527e+01
4.100100000000000267e-05 6.694557053999983509e+01
4.182900000000000219e-05 6.824611634999996568e+01
4.267399999999999834e-05 6.957269309999992402e+01
4.353599999999999788e-05 7.092429959999981293e+01
4.441600000000000300e-05 7.230293822999988151e+01
4.531299999999999797e-05 7.370760780000000523e+01
4.622799999999999853e-05 7.514031068999997842e+01
4.716200000000000009e-05 7.660004570999990392e+01
4.811500000000000266e-05 7.808881523999980345e+01
4.908699999999999945e-05 7.960561809000000721e+01
5.007799999999999724e-05 8.115345782999975199e+01
5.109000000000000043e-05 8.273033207999969818e+01
5.212200000000000004e-05 8.433724202999974295e+01
5.317499999999999826e-05 8.597619005999968067e+01
5.424900000000000186e-05 8.764717616999951133e+01
5.534499999999999950e-05 8.935020036000014443e+01
5.646299999999999795e-05 9.108626382000011290e+01
5.760399999999999939e-05 9.285636773999976867e+01
5.876700000000000164e-05 9.466051212000002124e+01
5.995499999999999772e-05 9.649969814999985829e+01
6.116600000000000357e-05 9.837492702000008649e+01
6.240100000000000106e-05 1.002892022999994879e+02
6.366200000000000136e-05 1.022315108999996482e+02
6.494800000000000226e-05 1.042238789999996698e+02
6.626000000000000596e-05 1.062462827999993351e+02
6.759900000000000110e-05 1.083087341999994351e+02
6.896399999999999904e-05 1.104112331999995149e+02
7.035700000000000417e-05 1.125637916999999106e+02
7.177900000000000513e-05 1.147463858999999502e+02
7.322899999999999971e-05 1.169790395999998509e+02
7.470800000000000368e-05 1.192517408999997315e+02
7.621700000000000566e-05 1.215644897999995919e+02
7.775699999999999431e-05 1.239272981999997683e+02
7.932799999999999672e-05 1.263401660999998057e+02
8.092999999999999933e-05 1.287930815999998231e+02
8.256500000000000655e-05 1.312960565999997016e+02
8.423300000000000481e-05 1.338490910999994412e+02
8.593499999999999631e-05 1.364421731999996155e+02
8.767099999999999459e-05 1.390953266999999869e+02
8.944200000000000186e-05 1.417985396999993100e+02
9.124900000000000675e-05 1.445518121999994037e+02
9.309199999999999572e-05 1.473651560999992398e+02
9.497300000000000024e-05 1.502285594999993918e+02
9.689100000000000457e-05 1.531420223999994050e+02
9.884900000000000175e-05 1.561155566999996154e+02
1.008499999999999983e-04 1.591491624000000229e+02
1.028800000000000043e-04 1.622428394999997181e+02
1.049599999999999980e-04 1.653965879999996105e+02
1.070799999999999980e-04 1.686104078999987905e+02
1.092400000000000044e-04 1.718842991999990772e+02
1.114499999999999985e-04 1.752182619000004706e+02
1.136999999999999990e-04 1.786223079000001235e+02
1.160000000000000007e-04 1.820964371999989453e+02
1.183399999999999952e-04 1.856306378999997833e+02
1.207300000000000045e-04 1.892349218999997902e+02
1.231700000000000015e-04 1.929092891999989661e+02
1.256600000000000132e-04 1.966537398000000394e+02
1.281999999999999991e-04 2.004782855999992535e+02
1.307900000000000132e-04 2.043629028000004837e+02
1.334300000000000015e-04 2.083376270999997359e+02
1.361300000000000129e-04 2.123824346999999761e+02
1.388799999999999985e-04 2.165073374999992666e+02
1.416800000000000123e-04 2.207123354999994262e+02
1.445399999999999951e-04 2.249974286999995456e+02
1.474600000000000010e-04 2.293626170999996248e+02
1.504400000000000030e-04 2.338179125999995449e+02
1.534800000000000010e-04 2.383533032999994248e+02
1.565799999999999950e-04 2.429788010999991457e+02
1.597500000000000070e-04 2.477044178999985888e+02
1.629699999999999931e-04 2.525101298999989012e+02
1.662699999999999920e-04 2.574059489999999641e+02
1.696199999999999921e-04 2.624018870999998398e+02
1.730500000000000050e-04 2.674979441999994378e+02
1.765500000000000088e-04 2.726941202999987581e+02
1.801100000000000086e-04 2.779804034999997384e+02
1.837499999999999941e-04 2.833768175999994128e+02
1.874599999999999975e-04 2.888733506999997189e+02
1.912499999999999866e-04 2.944800146999987192e+02
1.951099999999999937e-04 3.001968095999982324e+02
1.990600000000000084e-04 3.060137234999983775e+02
2.030799999999999869e-04 3.119507801999989169e+02
2.071800000000000052e-04 3.180079796999998507e+02
2.113700000000000041e-04 3.241753100999994786e+02
2.156399999999999886e-04 3.304627832999976818e+02
2.199900000000000130e-04 3.368703992999980983e+02
2.244400000000000128e-04 3.433981581000007282e+02
2.289699999999999982e-04 3.500560715999999957e+02
2.335899999999999912e-04 3.568441397999995388e+02
2.383099999999999867e-04 3.637623626999975386e+02
2.431300000000000117e-04 3.708107402999976330e+02
2.480399999999999901e-04 3.779992844999997033e+02
2.530499999999999980e-04 3.853279952999982925e+02
2.581600000000000084e-04 3.927968726999988576e+02
2.633800000000000160e-04 4.004059166999977606e+02
2.687000000000000261e-04 4.081651392000003398e+02
2.741299999999999792e-04 4.160645282999976189e+02
2.796599999999999889e-04 4.241241078000002744e+02
2.853099999999999907e-04 4.323438776999992115e+02
2.910799999999999846e-04 4.407138260999981867e+02
2.969599999999999757e-04 4.492439648999989004e+02
3.029600000000000131e-04 4.579342940999995335e+02
3.090799999999999884e-04 4.668048374999998487e+02
3.153200000000000100e-04 4.758355713000000833e+02
3.216900000000000185e-04 4.850365073999982997e+02
3.281900000000000138e-04 4.944176576999980171e+02
3.348199999999999961e-04 5.039890340999991167e+02
3.415800000000000195e-04 5.137306128000000172e+02
3.484800000000000245e-04 5.236624175999986619e+02
3.555200000000000114e-04 5.337844484999986889e+02
3.626999999999999799e-04 5.440967054999982793e+02
3.700299999999999792e-04 5.546092004999991332e+02
3.775100000000000092e-04 5.653219334999976127e+02
3.851300000000000209e-04 5.762449163999990560e+02
3.929100000000000040e-04 5.873681372999999439e+02
4.008500000000000127e-04 5.987016080999983387e+02
4.089499999999999928e-04 6.102553406999977597e+02
4.172099999999999984e-04 6.220293350999963877e+02
4.256400000000000244e-04 6.340235912999960419e+02
4.342400000000000166e-04 6.462481211999984225e+02
4.430099999999999750e-04 6.587029247999998915e+02
4.519600000000000028e-04 6.713980139999985113e+02
4.610899999999999916e-04 6.843233768999962194e+02
4.703999999999999957e-04 6.975090492000017548e+02
4.799100000000000046e-04 7.109350070999971649e+02
4.895999999999999745e-04 7.246112625000023399e+02
4.994900000000000034e-04 7.385478272999971523e+02
5.095800000000000373e-04 7.527447014999997918e+02
5.198800000000000166e-04 7.672118969999974070e+02
5.303800000000000008e-04 7.819494137999972736e+02
5.410900000000000388e-04 7.969672637999974540e+02
5.520199999999999630e-04 8.122654469999979483e+02
5.631699999999999900e-04 8.278439633999987564e+02
5.745499999999999522e-04 8.437228367999960028e+02
5.861599999999999580e-04 8.598920552999952633e+02
5.980000000000000072e-04 8.763716426999963005e+02
6.100800000000000407e-04 8.931415751999993518e+02
6.223999999999999498e-04 9.102419003999966662e+02
6.349800000000000496e-04 9.276425825999976951e+02
6.478000000000000251e-04 9.453836693999983254e+02
6.608900000000000234e-04 9.634351250999970944e+02
6.742399999999999956e-04 9.818369973000008031e+02
6.878599999999999905e-04 1.000569262199998775e+03
7.017599999999999489e-04 1.019611895999998524e+03
7.159300000000000386e-04 1.039034981999997399e+03
7.303999999999999729e-04 1.058858543999998801e+03
7.451499999999999790e-04 1.078982462999996642e+03
7.602099999999999873e-04 1.099506857999997010e+03
7.755600000000000081e-04 1.120431728999999905e+03
7.912299999999999715e-04 1.141656956999995600e+03
8.072100000000000455e-04 1.163382779999999912e+03
8.235200000000000029e-04 1.185408960000000661e+03
8.401599999999999520e-04 1.207835615999996662e+03
8.571300000000000013e-04 1.230662747999995190e+03
8.744399999999999829e-04 1.253990474999991420e+03
8.921099999999999950e-04 1.277618558999995003e+03
9.101299999999999885e-04 1.301747237999996287e+03
9.285199999999999530e-04 1.326276393000000098e+03
9.472699999999999480e-04 1.351306143000001612e+03
9.664100000000000121e-04 1.376736368999998376e+03
9.859300000000000962e-04 1.402567070999997668e+03
1.005899999999999893e-03 1.428898367999994662e+03
1.026199999999999899e-03 1.455730259999996633e+03
1.046899999999999914e-03 1.482962627999993856e+03
1.067999999999999939e-03 1.510695590999996057e+03
1.089600000000000030e-03 1.538929148999995959e+03
1.111599999999999915e-03 1.567663302000000840e+03
1.134100000000000082e-03 1.596898049999996147e+03
1.157000000000000042e-03 1.626633392999996431e+03
1.180400000000000069e-03 1.656869330999994418e+03
1.204200000000000105e-03 1.687605863999990106e+03
1.228499999999999991e-03 1.718842991999998048e+03
1.253400000000000000e-03 1.750680833999991592e+03
1.278700000000000019e-03 1.783119389999992563e+03
1.304500000000000104e-03 1.815958421999988786e+03
1.330900000000000095e-03 1.849498286999994889e+03
1.357799999999999936e-03 1.883438627999988967e+03
1.385200000000000060e-03 1.918079801999992924e+03
1.413200000000000090e-03 1.953221570999994583e+03
1.441699999999999969e-03 1.989064172999998846e+03
1.470799999999999972e-03 2.025407369999993534e+03
1.500599999999999937e-03 2.062351280999995652e+03
1.530899999999999969e-03 2.099895905999997922e+03
1.561799999999999907e-03 2.138041244999993069e+03
1.593299999999999968e-03 2.176787297999995644e+03
1.625499999999999992e-03 2.216234184000000823e+03
1.658399999999999978e-03 2.256281783999991603e+03
1.691900000000000088e-03 2.296930097999989812e+03
1.726000000000000104e-03 2.338279244999997900e+03
1.760899999999999922e-03 2.380229105999991589e+03
1.796499999999999920e-03 2.422879799999995157e+03
1.832800000000000097e-03 2.466131208000006154e+03
1.869800000000000021e-03 2.510083448999997927e+03
1.907599999999999964e-03 2.554736522999999579e+03
1.946100000000000087e-03 2.600090429999996559e+03
1.985400000000000012e-03 2.646045050999993691e+03
2.025499999999999957e-03 2.692800623999981326e+03
2.066500000000000194e-03 2.740156910999998217e+03
2.108200000000000178e-03 2.788214030999981333e+03
2.150800000000000021e-03 2.836971983999988879e+03
2.194199999999999883e-03 2.886530888999986928e+03
2.238599999999999878e-03 2.936690507999999681e+03
2.283799999999999893e-03 2.987651079000002937e+03
2.329900000000000200e-03 3.039212363999991794e+03
2.377000000000000206e-03 3.091574601000000257e+03
2.425000000000000072e-03 3.144737789999984670e+03
2.474000000000000071e-03 3.198501692999998340e+03
2.524000000000000202e-03 3.253066547999987961e+03
2.575000000000000032e-03 3.308332236000002013e+03
2.626999999999999995e-03 3.364398875999992015e+03
2.680000000000000090e-03 3.421066229999982170e+03
2.734199999999999998e-03 3.478634654999987106e+03
2.789400000000000039e-03 3.536803794000006747e+03
2.845799999999999892e-03 3.595773885000002338e+03
2.903300000000000151e-03 3.655444808999993256e+03
2.961899999999999950e-03 3.715916684999989229e+03
3.021699999999999994e-03 3.776989274999999907e+03
3.082800000000000124e-03 3.838962935999981710e+03
3.145100000000000066e-03 3.901537310999992769e+03
3.208599999999999820e-03 3.964812518999999156e+03
3.273400000000000094e-03 4.028888678999996046e+03
3.339500000000000021e-03 4.093665671999988263e+03
3.406999999999999872e-03 4.159143497999990359e+03
3.475799999999999810e-03 4.225322156999987783e+03
3.546000000000000107e-03 4.292201648999980534e+03
3.617700000000000169e-03 4.359781973999997717e+03
3.690800000000000157e-03 4.427963012999985949e+03
3.765300000000000070e-03 4.496844884999984060e+03
3.841400000000000023e-03 4.566427589999992051e+03
3.918999999999999741e-03 4.636711127999980818e+03
3.998200000000000365e-03 4.707495260999989114e+03
4.078899999999999887e-03 4.778980226999992738e+03
4.161299999999999721e-03 4.851166025999977137e+03
4.245399999999999868e-03 4.923852419999981066e+03
4.331200000000000327e-03 4.997139527999999700e+03
4.418599999999999958e-03 5.070927230999979656e+03
4.507899999999999581e-03 5.145415766999969492e+03
4.598999999999999790e-03 5.220304778999998234e+03
4.691899999999999717e-03 5.295794504999998026e+03
4.786699999999999636e-03 5.371684707000007620e+03
4.883400000000000414e-03 5.448075503999978537e+03
4.982000000000000317e-03 5.524966895999968983e+03
5.082699999999999892e-03 5.602258763999998337e+03
5.185300000000000326e-03 5.679951107999979286e+03
5.290099999999999837e-03 5.758043927999970037e+03
5.396899999999999614e-03 5.836437105000019073e+03
5.505999999999999610e-03 5.915130638999980874e+03
5.617200000000000144e-03 5.994124529999971855e+03
5.730700000000000030e-03 6.073418777999992017e+03
5.846399999999999861e-03 6.152913263999973424e+03
5.964500000000000184e-03 6.232607987999974284e+03
8.549199999999999855e-03 7.648014808141073445e+03
8.721899999999999445e-03 7.724115863684186479e+03
8.898100000000000800e-03 7.799694618441630155e+03
9.077800000000000452e-03 7.874450938277383102e+03
9.261200000000000682e-03 7.948179542299301829e+03
9.448299999999999754e-03 8.020603648025105940e+03
9.639200000000000546e-03 8.091499104279413586e+03
9.833899999999999586e-03 8.160617307352280477e+03
1.003300000000000025e-02 8.227924301714316243e+03
1.023499999999999931e-02 8.292706243793771137e+03
1.044199999999999989e-02 8.355431389072327875e+03
1.065299999999999928e-02 8.415579352196829859e+03
1.086799999999999919e-02 8.472976509386935504e+03
1.108800000000000063e-02 8.527706039014272392e+03
1.131199999999999914e-02 8.579352163468516665e+03
1.153999999999999991e-02 8.627791799764760071e+03
1.177300000000000048e-02 8.673103489008499309e+03
1.201100000000000084e-02 8.715142562066059327e+03
1.225399999999999927e-02 8.753780635006114608e+03
1.250099999999999996e-02 8.788772231674520299e+03
1.275399999999999971e-02 8.820303738840681035e+03
1.301100000000000000e-02 8.848043518180289539e+03
1.327399999999999934e-02 8.872140273717581294e+03
1.354299999999999948e-02 8.892492831058421871e+03
1.381600000000000016e-02 8.908911030529765412e+03
1.409499999999999989e-02 8.921490108188299928e+03
1.438000000000000042e-02 8.930173448105488205e+03
1.467000000000000075e-02 8.934909959402284585e+03
1.496699999999999940e-02 8.935704964440927142e+03
1.526899999999999959e-02 8.932539393676386680e+03
1.557799999999999983e-02 8.925393465023807948e+03
1.589199999999999988e-02 8.914327765056368662e+03
1.621300000000000172e-02 8.899300697402999504e+03
1.654100000000000015e-02 8.880321262056066189e+03
1.687500000000000111e-02 8.857488685279968195e+03
1.721599999999999867e-02 8.830791496314719552e+03
1.756399999999999975e-02 8.800287365034484537e+03
1.791799999999999990e-02 8.766151205901405774e+03
1.828000000000000111e-02 8.728280451348196948e+03
1.864999999999999991e-02 8.686758343559515197e+03
1.902699999999999877e-02 8.641809993924282026e+03
1.941100000000000117e-02 8.593575101696507772e+03
1.980300000000000116e-02 8.542073693200596608e+03
2.020299999999999874e-02 8.487458675700414460e+03
2.061100000000000085e-02 8.429898765767138684e+03
2.102800000000000155e-02 8.369430199239403009e+03
2.145199999999999885e-02 8.306538961399783147e+03
2.188599999999999920e-02 8.240983376008720370e+03
2.232800000000000062e-02 8.173274475417536451e+03
2.277900000000000064e-02 8.103479920914600370e+03
2.323899999999999924e-02 8.031823324129742105e+03
2.370799999999999991e-02 7.958531508537998889e+03
2.418700000000000017e-02 7.883675385984883178e+03
2.467600000000000002e-02 7.807481264016765635e+03
2.517499999999999946e-02 7.730172289129463024e+03
2.568300000000000097e-02 7.652118285332777305e+03
2.620199999999999960e-02 7.573219574170128908e+03
2.673100000000000129e-02 7.493826901073654881e+03
2.727100000000000010e-02 7.413976268785423599e+03
2.782199999999999951e-02 7.333842535962088732e+03
2.838399999999999951e-02 7.253584797244722722e+03
2.895800000000000110e-02 7.173206552173622185e+03
2.954299999999999982e-02 7.092976754717004951e+03
3.013899999999999912e-02 7.013002283615642227e+03
3.074800000000000103e-02 6.933112979725090554e+03
3.136900000000000105e-02 6.853525696641445393e+03
3.200299999999999673e-02 6.774181475685065379e+03
3.264999999999999847e-02 6.695138325117499335e+03
3.330899999999999833e-02 6.616557284765673103e+03
3.398199999999999832e-02 6.538229561722866492e+03
3.466899999999999843e-02 6.460180998792202445e+03
3.536899999999999766e-02 6.382535712210490601e+03
3.608299999999999702e-02 6.305183606534294086e+03
3.681199999999999750e-02 6.228016513159876922e+03
3.755599999999999911e-02 6.151030955257912865e+03
3.831500000000000183e-02 6.074217330565967131e+03
3.908899999999999875e-02 5.997561312045436352e+03
3.987799999999999678e-02 5.921045185045455582e+03
4.068399999999999794e-02 5.844460948583524441e+03
4.150600000000000123e-02 5.767890918387856800e+03
4.234399999999999969e-02 5.691318936114083044e+03
4.320000000000000229e-02 5.614551600459526526e+03
4.407200000000000006e-02 5.537758609339565737e+03
4.496300000000000296e-02 5.460669938014849322e+03
4.587100000000000205e-02 5.383457269708567765e+03
4.679799999999999932e-02 5.305951614691613941e+03
4.774300000000000072e-02 5.228242805929548922e+03
4.870800000000000129e-02 5.150177813657122897e+03
4.969099999999999906e-02 5.071933367744408315e+03
5.069499999999999701e-02 4.993291111052953056e+03
5.171900000000000108e-02 4.914357296693531680e+03
5.276399999999999840e-02 4.835086394743193523e+03
5.383000000000000285e-02 4.755515448821694008e+03
5.491800000000000154e-02 4.675612225578646758e+03
5.602700000000000041e-02 4.595496013779731584e+03
5.715900000000000147e-02 4.515073220849153586e+03
5.831299999999999678e-02 4.434470614579578978e+03
5.949100000000000221e-02 4.353608794934581965e+03
6.069299999999999695e-02 4.272554164980509086e+03
6.191900000000000182e-02 4.191375319370054058e+03
6.317000000000000393e-02 4.110078314320824575e+03
6.444600000000000328e-02 4.028738753413970699e+03
6.574800000000000089e-02 3.947371474529078114e+03
6.707699999999999774e-02 3.865997072338752332e+03
6.843200000000000671e-02 3.784760212389141088e+03
6.981400000000000106e-02 3.703684289310971508e+03
7.122399999999999565e-02 3.622797347907559015e+03
7.266300000000000536e-02 3.542131749361360562e+03
7.413100000000000245e-02 3.461777906574643566e+03
7.562900000000000178e-02 3.381771784261334687e+03
7.715600000000000236e-02 3.302255383820302086e+03
7.871499999999999331e-02 3.223162578822506475e+03
8.030500000000000138e-02 3.144635349757314543e+03
8.192699999999999982e-02 3.066712309700218611e+03
8.358200000000000351e-02 2.989433856017043581e+03
8.527099999999999957e-02 2.912841831129713682e+03
8.699300000000000088e-02 2.837065856037188496e+03
8.875099999999999656e-02 2.762057630475930637e+03
9.054399999999999948e-02 2.687942693187491386e+03
9.237299999999999678e-02 2.614757439700821124e+03
9.423900000000000332e-02 2.542538187406942598e+03
9.614300000000000623e-02 2.471320891680341447e+03
9.808500000000000552e-02 2.401176355538365897e+03
1.000700000000000062e-01 2.331998318462217867e+03
1.020900000000000002e-01 2.264128111076410278e+03
1.041500000000000065e-01 2.197448437168539385e+03
1.062499999999999972e-01 2.132013094247027766e+03
1.083999999999999964e-01 2.067575679198853322e+03
1.105899999999999939e-01 2.004494304669649864e+03
1.128200000000000036e-01 1.942803224073730235e+03
1.150999999999999940e-01 1.882270612045256712e+03
1.174300000000000066e-01 1.822951061720064899e+03
1.198000000000000037e-01 1.765130639238632284e+03
1.222199999999999953e-01 1.708590379207475053e+03
1.246899999999999953e-01 1.653364487162922160e+03
1.272099999999999898e-01 1.599480606911856739e+03
1.297800000000000065e-01 1.546960119796553045e+03
1.323999999999999899e-01 1.495818472929619020e+03
1.350800000000000056e-01 1.445883517407106410e+03
1.378000000000000058e-01 1.397532318135876267e+03
1.405899999999999928e-01 1.350242982381154434e+03
1.434300000000000019e-01 1.304373049458528840e+03
1.463299999999999879e-01 1.259761837230453239e+03
1.492799999999999960e-01 1.216559660010942025e+03
1.522999999999999909e-01 1.174476247275593778e+03
1.553700000000000081e-01 1.133788709908469173e+03
1.585100000000000120e-01 1.094225743059072556e+03
1.617099999999999926e-01 1.055912980694065482e+03
1.649799999999999878e-01 1.018725896139862016e+03
1.683099999999999874e-01 9.827697740478470223e+02
1.717100000000000015e-01 9.479245738465615432e+02
1.751800000000000024e-01 9.141831419890331745e+02
1.787199999999999900e-01 8.815349225854006363e+02
1.823299999999999921e-01 8.499663392046459194e+02
1.860199999999999909e-01 8.193804683373491571e+02
1.897699999999999942e-01 7.899243844129850913e+02
1.936100000000000043e-01 7.613475771771372820e+02
1.975200000000000011e-01 7.337880332354543498e+02
2.015099999999999947e-01 7.071560694257277646e+02
2.055800000000000127e-01 6.814362615376558097e+02
2.097299999999999998e-01 6.566113018883479526e+02
2.139699999999999935e-01 6.326072188464713690e+02
2.182900000000000118e-01 6.094647852146572404e+02
2.227000000000000091e-01 5.871129453179382836e+02
2.272000000000000131e-01 5.655371108817398635e+02
2.317899999999999960e-01 5.447212386706651159e+02
2.364700000000000135e-01 5.246480790593905112e+02
2.412499999999999922e-01 5.052599616421393875e+02
2.461200000000000054e-01 4.865816195251154568e+02
2.510999999999999899e-01 4.685225986312307214e+02
2.561700000000000088e-01 4.511407816430273670e+02
2.613400000000000167e-01 4.343834507975134329e+02
2.666200000000000236e-01 4.182047013491155667e+02
2.720099999999999740e-01 4.025927857578444673e+02
2.775000000000000244e-01 3.875616669633036508e+02
2.831099999999999728e-01 3.730432651790233649e+02
2.888299999999999756e-01 3.590517767726978491e+02
2.946599999999999775e-01 3.455728054354949563e+02
3.006199999999999983e-01 3.325491607038402435e+02
3.066900000000000182e-01 3.200130896645350731e+02
3.128799999999999915e-01 3.079302327336226881e+02
3.191999999999999837e-01 2.962704071905600358e+02
3.256499999999999950e-01 2.850240596036119314e+02
3.322300000000000253e-01 2.741811468306095776e+02
3.389400000000000190e-01 2.637312459378645144e+02
3.457899999999999863e-01 2.536493443335011762e+02
3.527799999999999825e-01 2.439268994872045369e+02
3.598999999999999977e-01 2.345677674729604405e+02
3.671699999999999964e-01 2.255364786523523435e+02
3.745899999999999785e-01 2.168257198218734629e+02
3.821599999999999997e-01 2.084278161122283564e+02
3.898800000000000043e-01 2.003348161854046339e+02
3.977499999999999925e-01 1.925385674352173737e+02
4.057899999999999840e-01 1.850125834156033306e+02
4.139900000000000246e-01 1.777601023868037373e+02
4.223500000000000032e-01 1.707739832754577947e+02
4.308799999999999852e-01 1.640392789478537452e+02
4.395899999999999808e-01 1.575426558980989284e+02
4.484699999999999798e-01 1.512859024664194294e+02
4.575299999999999923e-01 1.452560907738529750e+02
4.667700000000000182e-01 1.394477551269892501e+02
4.762000000000000122e-01 1.338494977188970552e+02
4.858199999999999741e-01 1.284565332130287061e+02
4.956300000000000150e-01 1.232638882427954741e+02
5.056399999999999784e-01 1.182615880006119369e+02
5.158599999999999852e-01 1.134406376412002828e+02
5.262799999999999701e-01 1.088015579547463858e+02
5.369099999999999984e-01 1.043355198970257334e+02
5.477600000000000247e-01 1.000345236647413003e+02
5.588199999999999834e-01 9.589856612654875789e+01
5.701100000000000056e-01 9.191636296800470518e+01
5.816299999999999804e-01 8.808457475177237939e+01
5.933800000000000185e-01 8.439968200304156198e+01
6.053699999999999637e-01 8.085514846265232336e+01
6.176000000000000378e-01 7.744768691817944273e+01
6.300700000000000189e-01 7.417386595742459576e+01
6.428000000000000380e-01 7.102533809977967394e+01
6.557899999999999840e-01 6.799930552186583554e+01
6.690300000000000136e-01 6.509494050195098680e+01
6.825499999999999901e-01 6.230277228186582761e+01
6.963399999999999590e-01 5.962222612240566377e+01
7.104000000000000314e-01 5.705034794407902154e+01
7.247500000000000053e-01 5.458075159735358284e+01
7.393999999999999462e-01 5.220934359852753914e+01
7.543299999999999450e-01 4.993671495948956363e+01
7.695699999999999763e-01 4.775568565590197068e+01
7.851200000000000401e-01 4.566394783543546509e+01
8.009800000000000253e-01 4.365908382974726010e+01
8.171599999999999975e-01 4.173743785449278221e+01
8.336700000000000221e-01 3.989556746554353595e+01
8.505099999999999882e-01 3.813123697010837532e+01
8.676899999999999613e-01 3.644118146750804499e+01
8.852200000000000069e-01 3.482231289541903152e+01
9.031000000000000139e-01 3.327254258767175088e+01
9.213400000000000478e-01 3.178893157690015414e+01
9.399600000000000177e-01 3.036795150117916364e+01
9.589400000000000146e-01 2.900916678567489271e+01
9.783199999999999674e-01 2.770783154705429752e+01
9.980799999999999672e-01 2.646348985677798282e+01
1.018199999999999994e+00 2.527531912506697154e+01
1.038799999999999946e+00 2.413468730955457886e+01
1.059800000000000075e+00 2.304464276214855545e+01
1.081199999999999939e+00 2.200333780984374243e+01
1.102999999999999980e+00 2.100891943430474385e+01
1.125299999999999967e+00 2.005539987036297589e+01
1.148099999999999898e+00 1.914172323931097708e+01
1.171300000000000008e+00 1.827039351948877766e+01
1.194900000000000073e+00 1.743953519297429011e+01
1.219100000000000072e+00 1.664092483356535013e+01
1.243700000000000028e+00 1.587996395915064340e+01
1.268799999999999928e+00 1.515203054758239887e+01
1.294399999999999995e+00 1.445589478742846268e+01
1.320599999999999996e+00 1.379139224999994440e+01
1.347299999999999942e+00 1.315563659999997981e+01
1.374500000000000055e+00 1.254891545999998925e+01
1.402300000000000102e+00 1.196922644999995100e+01
1.430600000000000094e+00 1.141456718999995701e+01
1.459500000000000020e+00 1.088593886999990445e+01
1.489000000000000101e+00 1.038033791999998812e+01
1.518999999999999906e+00 9.898064696999995249e+00
1.549700000000000077e+00 9.437116820999989386e+00
1.580999999999999961e+00 8.997093815999988919e+00
1.612999999999999989e+00 8.576994491999954562e+00
1.645599999999999952e+00 8.175917777999956115e+00
1.678800000000000070e+00 7.793162840999968921e+00
1.712699999999999889e+00 7.427728490999982114e+00
1.747300000000000075e+00 7.078913894999942613e+00
1.782599999999999962e+00 6.746018219999996290e+00
1.818599999999999994e+00 6.428440751999971781e+00
1.855399999999999938e+00 6.125280419999995729e+00
1.892800000000000038e+00 5.836136748000001262e+00
1.931100000000000039e+00 5.560208783999996740e+00
1.970099999999999962e+00 5.296995933000005152e+00
2.009900000000000020e+00 5.045997599999992644e+00
2.050499999999999989e+00 4.806512951999991401e+00
2.091899999999999871e+00 4.578141512999991392e+00
2.134199999999999875e+00 4.360282568999991781e+00
2.177299999999999791e+00 4.152635762999992153e+00
2.221299999999999830e+00 3.954500261999996269e+00
2.266099999999999781e+00 3.765675827999999115e+00
2.311900000000000066e+00 3.585661865999995257e+00
2.358600000000000030e+00 3.414057899999988877e+00
2.406299999999999883e+00 3.250363334999988751e+00
2.454899999999999860e+00 3.094478051999985269e+00
2.504500000000000171e+00 2.945801336999991804e+00
2.555099999999999927e+00 2.804132951999989132e+00
2.606700000000000017e+00 2.669172540000005256e+00
2.659299999999999997e+00 2.540519624999987514e+00
2.713099999999999845e+00 2.417973969000001944e+00
2.767900000000000027e+00 2.301135095999988778e+00
2.823799999999999866e+00 2.189902887000002352e+00
2.880799999999999805e+00 2.083876865999997108e+00
2.939000000000000057e+00 1.982856794999996453e+00
2.998400000000000176e+00 1.886642435999995371e+00
3.059000000000000163e+00 1.795033550999995953e+00
3.120800000000000018e+00 1.707729782999997781e+00
3.183800000000000185e+00 1.624631012999991242e+00
3.248099999999999987e+00 1.545537002999992637e+00
3.313699999999999868e+00 1.470147396000001550e+00
3.380700000000000038e+00 1.398362072999994155e+00
3.448999999999999844e+00 1.330080914999996367e+00
3.518699999999999939e+00 1.265003565000000663e+00
3.589700000000000113e+00 1.203130022999999937e+00
3.662300000000000111e+00 1.144159931999997326e+00
3.736200000000000188e+00 1.087993172999997427e+00
3.811700000000000088e+00 1.034629745999996686e+00
3.888700000000000045e+00 9.837592820999994103e-01
3.967299999999999827e+00 9.353717693999961114e-01
4.047399999999999665e+00 8.893170294000007914e-01
4.129199999999999982e+00 8.454949430999967319e-01
4.212600000000000122e+00 8.037853676999979768e-01
4.297699999999999854e+00 7.641082079999961252e-01
4.384500000000000064e+00 7.263533330999969451e-01
4.473099999999999632e+00 6.904306359000003113e-01
4.563399999999999679e+00 6.562500092999989931e-01
4.655599999999999739e+00 6.237413699999976302e-01
4.749699999999999811e+00 5.928146108999996500e-01
4.845600000000000129e+00 5.633996486999990339e-01
4.943500000000000227e+00 5.354163881999998154e-01
5.043400000000000105e+00 5.087947460999995286e-01
5.145299999999999763e+00 4.834846628999986962e-01
5.249200000000000088e+00 4.594060433999995752e-01
5.355299999999999727e+00 4.365188399999979652e-01
5.463400000000000034e+00 4.147429574999996760e-01
5.573800000000000310e+00 3.940483602000011132e-01
5.686399999999999899e+00 3.743649647999998109e-01
5.801300000000000345e+00 3.556427117999980680e-01
5.918499999999999872e+00 3.378515654999993956e-01
6.038000000000000256e+00 3.209414663999989870e-01
6.160000000000000142e+00 3.048523430999985351e-01
6.284399999999999764e+00 2.895641717999986042e-01
6.411400000000000432e+00 2.750369048999994348e-01
6.540899999999999714e+00 2.612204828999997730e-01
6.673099999999999810e+00 2.480948819999992949e-01
6.807900000000000063e+00 2.356200545999991292e-01
6.945400000000000240e+00 2.237559530999986279e-01
7.085700000000000109e+00 2.124825537000001319e-01
7.228799999999999670e+00 2.017798325999988762e-01
7.374900000000000233e+00 1.915977302999998244e-01
7.523799999999999599e+00 1.819262348999997059e-01
7.675799999999999734e+00 1.727353106999993670e-01
7.830899999999999750e+00 1.640049339000002604e-01
7.989099999999999646e+00 1.557050687999996796e-01
8.150499999999999190e+00 1.478257034999996833e-01
8.315099999999999270e+00 1.403368022999993414e-01
8.483100000000000307e+00 1.332283532999993803e-01
8.654500000000000526e+00 1.264703207999993140e-01
8.829299999999999926e+00 1.200526928999994247e-01
9.007699999999999818e+00 1.139554457999998327e-01
9.189600000000000435e+00 1.081585556999997699e-01
9.375299999999999301e+00 1.026620225999996805e-01
9.564700000000000202e+00 9.743881437000023737e-02
9.757899999999999352e+00 9.247691672999946988e-02
9.955000000000000071e+00 8.776531658999964236e-02
1.015600000000000058e+01 8.329099847999987816e-02
1.036100000000000065e+01 7.904194811999998294e-02
1.057099999999999973e+01 7.500715241999955651e-02
1.078400000000000070e+01 7.117559828999997507e-02
1.100200000000000067e+01 6.753827501999998262e-02
1.122400000000000020e+01 6.408416951999984512e-02
1.145100000000000051e+01 6.080527226999987711e-02
1.168200000000000038e+01 5.769157136999991664e-02
1.191799999999999926e+01 5.473605849000007240e-02
1.215900000000000070e+01 5.192972291999975454e-02
1.240499999999999936e+01 4.926655751999997612e-02
1.265499999999999936e+01 4.673855276999994146e-02
1.291099999999999959e+01 4.433769914999996509e-02
1.317200000000000060e+01 4.205999189999998222e-02
1.343800000000000061e+01 3.989742149999986331e-02
1.370899999999999963e+01 3.784498199999974943e-02
1.398600000000000065e+01 3.589766744999989267e-02
1.426900000000000013e+01 3.404947070999997383e-02
1.455700000000000038e+01 3.229438464000000675e-02
1.485100000000000087e+01 3.062940566999994285e-02
1.515099999999999980e+01 2.904952784999992321e-02
1.545700000000000074e+01 2.755074641999988305e-02
1.576900000000000013e+01 2.612805542999985242e-02
1.608800000000000097e+01 2.477845130999989376e-02
1.641300000000000026e+01 2.349692810999992609e-02
1.674500000000000099e+01 2.228248463999993323e-02
1.708299999999999841e+01 2.112911375999992902e-02
1.742800000000000082e+01 2.003481308999988109e-02
1.778000000000000114e+01 1.899758024999986805e-02
1.813899999999999935e+01 1.801240928999991997e-02
1.850600000000000023e+01 1.707829901999996514e-02
1.887999999999999901e+01 1.619324706000002667e-02
1.926099999999999923e+01 1.535224745999996809e-02
1.964999999999999858e+01 1.455530021999990042e-02
2.004700000000000060e+01 1.379840057999998093e-02
2.045200000000000173e+01 1.308154853999998757e-02
2.086499999999999844e+01 1.240073933999996658e-02
2.128699999999999903e+01 1.175597298000002899e-02
2.171699999999999875e+01 1.114424588999995969e-02
2.215500000000000114e+01 1.056355569000000383e-02
2.260300000000000153e+01 1.001290118999997869e-02
2.305900000000000105e+01 9.490880724000005930e-03
2.352499999999999858e+01 8.995792268999963648e-03
2.400100000000000122e+01 8.526434396999960086e-03
2.448499999999999943e+01 8.081205203999991538e-03
2.498000000000000043e+01 7.659103499999986298e-03
2.548499999999999943e+01 7.258827737999962171e-03
2.600000000000000000e+01 6.879276608999951304e-03
2.652499999999999858e+01 6.519448922999993012e-03
2.706099999999999994e+01 6.178243370999980666e-03
2.760699999999999932e+01 5.854758881999988507e-03
2.816499999999999915e+01 5.548094384999952000e-03
2.873400000000000176e+01 5.257348809000000900e-03
2.931400000000000006e+01 4.981721201999994575e-03
2.990700000000000003e+01 4.720410611999986683e-03
3.051099999999999923e+01 4.472716205999982542e-03
3.112699999999999889e+01 4.237937151000001346e-03
3.175600000000000023e+01 4.015272494999999608e-03
3.239699999999999847e+01 3.804321761999990281e-03
3.305199999999999960e+01 3.604283999999999266e-03
3.371999999999999886e+01 3.414758732999997881e-03
3.440100000000000335e+01 3.235045127999991443e-03
3.509599999999999653e+01 3.064742708999992904e-03
3.580499999999999972e+01 2.903350880999994166e-03
3.652799999999999869e+01 2.750369049000001009e-03
3.726599999999999824e+01 2.605396736999984753e-03
3.801899999999999835e+01 2.468033468999999980e-03
3.878699999999999903e+01 2.337778649999996960e-03
3.957000000000000028e+01 2.214432041999996048e-03
4.036999999999999744e+01 2.097493049999996084e-03
4.118500000000000227e+01 1.986661316999996374e-03
4.201700000000000301e+01 1.881636485999996222e-03
4.286599999999999966e+01 1.782118199999994934e-03
4.373199999999999932e+01 1.687906220999992046e-03
4.461500000000000199e+01 1.598600073000000510e-03
4.551700000000000301e+01 1.513899398999998813e-03
4.643599999999999994e+01 1.433704080000000602e-03
4.737400000000000233e+01 1.357713758999998244e-03
4.833100000000000307e+01 1.285728197999998212e-03
4.930799999999999983e+01 1.217547159000000045e-03
5.030400000000000205e+01 1.152970403999996341e-03
5.132000000000000028e+01 1.091697575999996811e-03
5.235699999999999932e+01 1.033728674999997987e-03
5.341400000000000148e+01 9.788234153999958442e-04
5.449300000000000210e+01 9.267815592000003266e-04
5.559400000000000119e+01 8.774929754999973019e-04
5.671699999999999875e+01 8.307974738999968078e-04
5.786299999999999955e+01 7.865749115999985663e-04
5.903199999999999648e+01 7.446751100999987605e-04
6.022399999999999665e+01 7.049979503999971586e-04
6.144100000000000250e+01 6.674132777999969290e-04
6.268200000000000216e+01 6.318209732999978401e-04
6.394899999999999807e+01 5.981008940999996137e-04
6.523999999999999488e+01 5.661729449999985953e-04
6.655800000000000693e+01 5.359269950999979992e-04
6.790300000000000580e+01 5.072829491999976403e-04
6.927500000000000568e+01 4.801607121000008027e-04
7.067400000000000659e+01 4.544801885999986274e-04
7.210200000000000387e+01 4.301512715999995795e-04
7.355800000000000693e+01 4.071138896999983159e-04
7.504399999999999693e+01 3.853079714999981670e-04
7.656000000000000227e+01 3.646534217999972127e-04
7.810699999999999932e+01 3.450901692000005183e-04
7.968500000000000227e+01 3.265781660999975827e-04
8.129399999999999693e+01 3.090373172999986290e-04
8.293699999999999761e+01 2.924375871000001181e-04
8.461199999999999477e+01 2.767189040999993091e-04
8.632099999999999795e+01 2.618312087999995555e-04
8.806499999999999773e+01 2.477444654999990531e-04
8.984399999999999409e+01 2.343986027999993976e-04
9.165900000000000603e+01 2.217735968999996754e-04
9.351099999999999568e+01 2.098193882999997706e-04
9.540000000000000568e+01 1.984959293999987232e-04
9.732699999999999818e+01 1.877831963999999562e-04
9.929300000000000637e+01 1.776411416999999077e-04
1.012999999999999972e+02 1.680397295999993754e-04
1.033499999999999943e+02 1.589489244000000245e-04
1.054300000000000068e+02 1.503487023000000741e-04
1.075600000000000023e+02 1.422090275999990210e-04
1.097399999999999949e+02 1.344998645999993976e-04
1.119500000000000028e+02 1.272011894999998567e-04
1.142099999999999937e+02 1.203029903999999414e-04
1.165199999999999960e+02 1.137652196999999928e-04
1.188799999999999955e+02 1.075778654999995539e-04
1.212800000000000011e+02 1.017309158999994689e-04
1.237300000000000040e+02 9.619133162999974826e-05
1.262300000000000040e+02 9.095010197999976384e-05
1.287800000000000011e+02 8.599020671999938956e-05
1.313799999999999955e+02 8.129662799999989170e-05
1.340300000000000011e+02 7.685534915999976333e-05
1.367400000000000091e+02 7.265335472999949473e-05
1.395000000000000000e+02 6.867662804999974738e-05
1.423199999999999932e+02 6.491515721999984757e-05
1.451999999999999886e+02 6.135592677000006878e-05
1.481299999999999955e+02 5.798792360999969163e-05
1.511200000000000045e+02 5.480213702999982284e-05
1.541699999999999875e+02 5.178855513000000556e-05
1.572899999999999920e+02 4.893716600999978295e-05
1.604699999999999989e+02 4.623996014999987372e-05
1.637100000000000080e+02 4.368892802999991241e-05
1.670099999999999909e+02 4.127505894000013838e-05
1.703899999999999864e+02 3.899234573999984382e-05
1.738300000000000125e+02 3.683378009999979316e-05
1.773400000000000034e+02 3.479135249999983776e-05
1.809199999999999875e+02 3.286005698999996602e-05
1.845800000000000125e+02 3.103388642999990385e-05
1.883100000000000023e+02 2.930683367999991924e-05
1.921100000000000136e+02 2.767389278999989218e-05
1.959900000000000091e+02 2.613005780999991950e-05
1.999499999999999886e+02 2.466932159999994396e-05
2.039900000000000091e+02 2.328868058999993690e-05
2.081100000000000136e+02 2.198312882999999517e-05
2.123199999999999932e+02 2.074966274999998170e-05
2.166100000000000136e+02 1.958327639999999335e-05
2.209799999999999898e+02 1.847996501999995579e-05
2.254499999999999886e+02 1.743772622999994028e-05
2.300000000000000000e+02 1.645255526999998092e-05
2.346500000000000057e+02 1.552144856999999488e-05
2.393899999999999864e+02 1.464140255999995350e-05
2.442199999999999989e+02 1.381041485999992807e-05
2.491599999999999966e+02 1.302448070999995267e-05
2.541899999999999977e+02 1.228159772999999014e-05
2.593199999999999932e+02 1.158076472999999482e-05
2.645600000000000023e+02 1.091797695000000078e-05
2.699100000000000250e+02 1.029223319999996236e-05
2.753600000000000136e+02 9.700429791000008978e-06
2.809200000000000159e+02 9.141966009000004802e-06
2.866000000000000227e+02 8.614639235999984853e-06
2.923899999999999864e+02 8.116547210999970749e-06
2.982900000000000205e+02 7.646288267999979847e-06
3.043199999999999932e+02 7.202360621999997830e-06
3.104700000000000273e+02 6.783262487999983277e-06
3.167400000000000091e+02 6.387592199999980649e-06
3.231399999999999864e+02 6.014248448999993902e-06
3.296700000000000159e+02 5.661829568999986184e-06
3.363199999999999932e+02 5.329334369999993125e-06
3.431200000000000045e+02 5.015661542999991576e-06
3.500500000000000114e+02 4.719709779000012600e-06
3.571200000000000045e+02 4.440578007000015081e-06
3.643399999999999750e+02 4.177365155999985006e-06
3.716999999999999886e+02 3.929070035999985113e-06
3.792099999999999795e+02 3.694991813999996973e-06
3.868700000000000045e+02 3.474429657000002161e-06
3.946800000000000068e+02 3.266482494000000217e-06
4.026499999999999773e+02 3.070449491999999820e-06
4.107900000000000205e+02 2.885830055999991680e-06
4.190899999999999750e+02 2.711823233999993460e-06
4.275500000000000114e+02 2.548028550000000438e-06
4.361899999999999977e+02 2.393745170999994187e-06
4.450000000000000000e+02 2.248372382999994730e-06
4.539900000000000091e+02 2.111609828999988362e-06
4.631600000000000250e+02 1.982856794999995106e-06
4.725199999999999818e+02 1.861712804999996688e-06
4.820600000000000023e+02 1.747777382999995163e-06
4.918000000000000114e+02 1.640549933999994794e-06
5.017400000000000091e+02 1.539730100999995427e-06
