  0.107359E-04  0.120090E+08  0.120090E+08  0.160070E+08  0.160070E+08  0.000000E+00  0.120090E+08
  0.109527E-04  0.120090E+08  0.120090E+08  0.160068E+08  0.160068E+08  0.000000E+00  0.120090E+08
  0.111740E-04  0.120090E+08  0.120090E+08  0.160066E+08  0.160066E+08  0.000000E+00  0.120090E+08
  0.113997E-04  0.120090E+08  0.120090E+08  0.160064E+08  0.160064E+08  0.000000E+00  0.120090E+08
  0.116300E-04  0.120090E+08  0.120090E+08  0.160062E+08  0.160062E+08  0.000000E+00  0.120090E+08
  0.118650E-04  0.120090E+08  0.120090E+08  0.160059E+08  0.160059E+08  0.000000E+00  0.120090E+08
  0.121046E-04  0.120090E+08  0.120090E+08  0.160057E+08  0.160057E+08  0.000000E+00  0.120090E+08
  0.123492E-04  0.120090E+08  0.120090E+08  0.160054E+08  0.160054E+08  0.000000E+00  0.120090E+08
  0.125986E-04  0.120090E+08  0.120090E+08  0.160052E+08  0.160051E+08  0.000000E+00  0.120090E+08
  0.128531E-04  0.120090E+08  0.120090E+08  0.160049E+08  0.160049E+08  0.000000E+00  0.120090E+08
  0.131128E-04  0.120090E+08  0.120090E+08  0.160046E+08  0.160046E+08  0.000000E+00  0.120090E+08
  0.133777E-04  0.120090E+08  0.120090E+08  0.160043E+08  0.160043E+08  0.000000E+00  0.120090E+08
  0.136479E-04  0.120090E+08  0.120090E+08  0.160040E+08  0.160039E+08  0.000000E+00  0.120090E+08
  0.139236E-04  0.120090E+08  0.120090E+08  0.160036E+08  0.160036E+08  0.000000E+00  0.120090E+08
  0.142049E-04  0.120090E+08  0.120090E+08  0.160033E+08  0.160033E+08  0.000000E+00  0.120090E+08
  0.144919E-04  0.120090E+08  0.120090E+08  0.160029E+08  0.160029E+08  0.000000E+00  0.120090E+08
  0.147846E-04  0.120090E+08  0.120090E+08  0.160026E+08  0.160025E+08  0.000000E+00  0.120090E+08
  0.150833E-04  0.120090E+08  0.120090E+08  0.160022E+08  0.160021E+08  0.000000E+00  0.120090E+08
  0.153880E-04  0.120090E+08  0.120090E+08  0.160018E+08  0.160017E+08  0.000000E+00  0.120090E+08
  0.156989E-04  0.120090E+08  0.120090E+08  0.160013E+08  0.160013E+08  0.000000E+00  0.120090E+08
  0.160160E-04  0.120090E+08  0.120090E+08  0.160009E+08  0.160009E+08  0.000000E+00  0.120090E+08
  0.163396E-04  0.120090E+08  0.120090E+08  0.160005E+08  0.160004E+08  0.000000E+00  0.120090E+08
  0.166696E-04  0.120090E+08  0.120090E+08  0.160000E+08  0.160000E+08  0.000000E+00  0.120090E+08
  0.170064E-04  0.120090E+08  0.120090E+08  0.159995E+08  0.159995E+08  0.000000E+00  0.120090E+08
  0.173499E-04  0.120090E+08  0.120090E+08  0.159990E+08  0.159989E+08  0.000000E+00  0.120090E+08
  0.177004E-04  0.120090E+08  0.120090E+08  0.159984E+08  0.159984E+08  0.000000E+00  0.120090E+08
  0.180580E-04  0.120090E+08  0.120090E+08  0.159979E+08  0.159979E+08  0.000000E+00  0.120090E+08
  0.184228E-04  0.120090E+08  0.120090E+08  0.159973E+08  0.159973E+08  0.000000E+00  0.120090E+08
  0.187950E-04  0.120090E+08  0.120090E+08  0.159967E+08  0.159967E+08  0.000000E+00  0.120090E+08
  0.191746E-04  0.120090E+08  0.120090E+08  0.159961E+08  0.159960E+08  0.000000E+00  0.120090E+08
  0.195620E-04  0.120090E+08  0.120090E+08  0.159954E+08  0.159954E+08  0.000000E+00  0.120090E+08
  0.199572E-04  0.120090E+08  0.120090E+08  0.159948E+08  0.159947E+08  0.000000E+00  0.120090E+08
  0.203603E-04  0.120090E+08  0.120090E+08  0.159941E+08  0.159940E+08  0.000000E+00  0.120090E+08
  0.207716E-04  0.120090E+08  0.120090E+08  0.159933E+08  0.159933E+08  0.000000E+00  0.120090E+08
  0.211913E-04  0.120090E+08  0.120090E+08  0.159926E+08  0.159925E+08  0.000000E+00  0.120090E+08
  0.216194E-04  0.120090E+08  0.120090E+08  0.159918E+08  0.159917E+08  0.000000E+00  0.120090E+08
  0.220561E-04  0.120090E+08  0.120090E+08  0.159909E+08  0.159909E+08  0.000000E+00  0.120090E+08
  0.225017E-04  0.120090E+08  0.120090E+08  0.159901E+08  0.159900E+08  0.000000E+00  0.120090E+08
  0.229562E-04  0.120090E+08  0.120090E+08  0.159892E+08  0.159891E+08  0.000000E+00  0.120090E+08
  0.234200E-04  0.120090E+08  0.120090E+08  0.159882E+08  0.159882E+08  0.000000E+00  0.120090E+08
  0.238931E-04  0.120090E+08  0.120090E+08  0.159873E+08  0.159872E+08  0.000000E+00  0.120090E+08
  0.243758E-04  0.120090E+08  0.120090E+08  0.159863E+08  0.159862E+08  0.000000E+00  0.120090E+08
  0.248682E-04  0.120090E+08  0.120090E+08  0.159852E+08  0.159851E+08  0.000000E+00  0.120090E+08
  0.253705E-04  0.120090E+08  0.120090E+08  0.159841E+08  0.159840E+08  0.000000E+00  0.120090E+08
  0.258831E-04  0.120089E+08  0.120089E+08  0.159830E+08  0.159829E+08  0.000000E+00  0.120089E+08
  0.264059E-04  0.120089E+08  0.120089E+08  0.159818E+08  0.159817E+08  0.000000E+00  0.120089E+08
  0.269394E-04  0.120089E+08  0.120089E+08  0.159806E+08  0.159805E+08  0.000000E+00  0.120089E+08
  0.274836E-04  0.120089E+08  0.120089E+08  0.159793E+08  0.159792E+08  0.000000E+00  0.120089E+08
  0.280388E-04  0.120089E+08  0.120089E+08  0.159779E+08  0.159778E+08  0.000000E+00  0.120089E+08
  0.286052E-04  0.120089E+08  0.120089E+08  0.159765E+08  0.159765E+08  0.000000E+00  0.120089E+08
  0.291831E-04  0.120089E+08  0.120089E+08  0.159751E+08  0.159750E+08  0.000000E+00  0.120089E+08
  0.297726E-04  0.120089E+08  0.120089E+08  0.159736E+08  0.159735E+08  0.000000E+00  0.120089E+08
  0.303741E-04  0.120089E+08  0.120089E+08  0.159720E+08  0.159719E+08  0.000000E+00  0.120089E+08
  0.309876E-04  0.120089E+08  0.120089E+08  0.159704E+08  0.159703E+08  0.000000E+00  0.120089E+08
  0.316136E-04  0.120089E+08  0.120089E+08  0.159687E+08  0.159686E+08  0.000000E+00  0.120089E+08
  0.322523E-04  0.120089E+08  0.120089E+08  0.159669E+08  0.159668E+08  0.000000E+00  0.120089E+08
  0.329038E-04  0.120089E+08  0.120089E+08  0.159651E+08  0.159650E+08  0.000000E+00  0.120089E+08
  0.335685E-04  0.120089E+08  0.120089E+08  0.159632E+08  0.159630E+08  0.000000E+00  0.120089E+08
  0.342467E-04  0.120089E+08  0.120089E+08  0.159612E+08  0.159610E+08  0.000000E+00  0.120089E+08
  0.349385E-04  0.120089E+08  0.120089E+08  0.159591E+08  0.159590E+08  0.000000E+00  0.120089E+08
  0.356443E-04  0.120089E+08  0.120089E+08  0.159569E+08  0.159568E+08  0.000000E+00  0.120089E+08
  0.363643E-04  0.120089E+08  0.120089E+08  0.159547E+08  0.159546E+08  0.000000E+00  0.120089E+08
  0.370990E-04  0.120089E+08  0.120089E+08  0.159524E+08  0.159522E+08  0.000000E+00  0.120089E+08
  0.378484E-04  0.120088E+08  0.120088E+08  0.159499E+08  0.159498E+08  0.000000E+00  0.120088E+08
  0.386130E-04  0.120088E+08  0.120088E+08  0.159474E+08  0.159472E+08  0.000000E+00  0.120088E+08
  0.393930E-04  0.120088E+08  0.120088E+08  0.159448E+08  0.159446E+08  0.000000E+00  0.120088E+08
  0.401888E-04  0.120088E+08  0.120088E+08  0.159420E+08  0.159419E+08  0.000000E+00  0.120088E+08
  0.410007E-04  0.120088E+08  0.120088E+08  0.159392E+08  0.159390E+08  0.000000E+00  0.120088E+08
  0.418290E-04  0.120088E+08  0.120088E+08  0.159362E+08  0.159360E+08  0.000000E+00  0.120088E+08
  0.426740E-04  0.120088E+08  0.120088E+08  0.159331E+08  0.159329E+08  0.000000E+00  0.120088E+08
  0.435360E-04  0.120088E+08  0.120088E+08  0.159299E+08  0.159297E+08  0.000000E+00  0.120088E+08
  0.444155E-04  0.120088E+08  0.120088E+08  0.159266E+08  0.159264E+08  0.000000E+00  0.120088E+08
  0.453128E-04  0.120088E+08  0.120088E+08  0.159231E+08  0.159229E+08  0.000000E+00  0.120088E+08
  0.462281E-04  0.120088E+08  0.120088E+08  0.159195E+08  0.159192E+08  0.000000E+00  0.120088E+08
  0.471620E-04  0.120087E+08  0.120087E+08  0.159157E+08  0.159155E+08  0.000000E+00  0.120087E+08
  0.481148E-04  0.120087E+08  0.120087E+08  0.159118E+08  0.159115E+08  0.000000E+00  0.120087E+08
  0.490867E-04  0.120087E+08  0.120087E+08  0.159077E+08  0.159074E+08  0.000000E+00  0.120087E+08
  0.500783E-04  0.120087E+08  0.120087E+08  0.159035E+08  0.159032E+08  0.000000E+00  0.120087E+08
  0.510900E-04  0.120087E+08  0.120087E+08  0.158990E+08  0.158988E+08  0.000000E+00  0.120087E+08
  0.521221E-04  0.120087E+08  0.120087E+08  0.158944E+08  0.158942E+08  0.000000E+00  0.120087E+08
  0.531750E-04  0.120087E+08  0.120087E+08  0.158897E+08  0.158894E+08  0.000000E+00  0.120087E+08
  0.542492E-04  0.120086E+08  0.120086E+08  0.158847E+08  0.158844E+08  0.000000E+00  0.120086E+08
  0.553451E-04  0.120086E+08  0.120086E+08  0.158795E+08  0.158792E+08  0.000000E+00  0.120086E+08
  0.564632E-04  0.120086E+08  0.120086E+08  0.158741E+08  0.158738E+08  0.000000E+00  0.120086E+08
  0.576038E-04  0.120086E+08  0.120086E+08  0.158685E+08  0.158682E+08  0.000000E+00  0.120086E+08
  0.587675E-04  0.120086E+08  0.120086E+08  0.158627E+08  0.158623E+08  0.000000E+00  0.120086E+08
  0.599547E-04  0.120086E+08  0.120086E+08  0.158566E+08  0.158562E+08  0.000000E+00  0.120086E+08
  0.611658E-04  0.120085E+08  0.120085E+08  0.158503E+08  0.158499E+08  0.000000E+00  0.120085E+08
  0.624015E-04  0.120085E+08  0.120085E+08  0.158437E+08  0.158433E+08  0.000000E+00  0.120085E+08
  0.636621E-04  0.120085E+08  0.120085E+08  0.158369E+08  0.158365E+08  0.000000E+00  0.120085E+08
  0.649481E-04  0.120085E+08  0.120085E+08  0.158298E+08  0.158293E+08  0.000000E+00  0.120085E+08
  0.662602E-04  0.120085E+08  0.120085E+08  0.158224E+08  0.158219E+08  0.000000E+00  0.120085E+08
  0.675987E-04  0.120084E+08  0.120084E+08  0.158147E+08  0.158142E+08  0.000000E+00  0.120084E+08
  0.689643E-04  0.120084E+08  0.120084E+08  0.158067E+08  0.158062E+08  0.000000E+00  0.120084E+08
  0.703575E-04  0.120084E+08  0.120084E+08  0.157984E+08  0.157978E+08  0.000000E+00  0.120084E+08
  0.717788E-04  0.120084E+08  0.120084E+08  0.157897E+08  0.157892E+08  0.000000E+00  0.120084E+08
  0.732288E-04  0.120083E+08  0.120083E+08  0.157807E+08  0.157801E+08  0.000000E+00  0.120083E+08
  0.747081E-04  0.120083E+08  0.120083E+08  0.157713E+08  0.157707E+08  0.000000E+00  0.120083E+08
  0.762173E-04  0.120083E+08  0.120083E+08  0.157616E+08  0.157609E+08  0.000000E+00  0.120083E+08
  0.777570E-04  0.120082E+08  0.120082E+08  0.157514E+08  0.157508E+08  0.000000E+00  0.120082E+08
  0.793278E-04  0.120082E+08  0.120082E+08  0.157409E+08  0.157402E+08  0.000000E+00  0.120082E+08
  0.809303E-04  0.120082E+08  0.120082E+08  0.157299E+08  0.157292E+08  0.000000E+00  0.120082E+08
  0.825652E-04  0.120081E+08  0.120081E+08  0.157185E+08  0.157178E+08  0.000000E+00  0.120081E+08
  0.842332E-04  0.120081E+08  0.120081E+08  0.157066E+08  0.157058E+08  0.000000E+00  0.120081E+08
  0.859348E-04  0.120081E+08  0.120081E+08  0.156943E+08  0.156935E+08  0.000000E+00  0.120081E+08
  0.876708E-04  0.120080E+08  0.120080E+08  0.156814E+08  0.156806E+08  0.000000E+00  0.120080E+08
  0.894418E-04  0.120080E+08  0.120080E+08  0.156681E+08  0.156672E+08  0.000000E+00  0.120080E+08
  0.912487E-04  0.120079E+08  0.120079E+08  0.156542E+08  0.156533E+08  0.000000E+00  0.120079E+08
  0.930921E-04  0.120079E+08  0.120079E+08  0.156397E+08  0.156388E+08  0.000000E+00  0.120079E+08
  0.949726E-04  0.120079E+08  0.120079E+08  0.156247E+08  0.156237E+08  0.000000E+00  0.120079E+08
  0.968912E-04  0.120078E+08  0.120078E+08  0.156091E+08  0.156081E+08  0.000000E+00  0.120078E+08
  0.988485E-04  0.120078E+08  0.120078E+08  0.155928E+08  0.155918E+08  0.000000E+00  0.120078E+08
  0.100845E-03  0.120077E+08  0.120077E+08  0.155760E+08  0.155749E+08  0.000000E+00  0.120077E+08
  0.102883E-03  0.120076E+08  0.120076E+08  0.155584E+08  0.155573E+08  0.000000E+00  0.120076E+08
  0.104961E-03  0.120076E+08  0.120076E+08  0.155401E+08  0.155390E+08  0.000000E+00  0.120076E+08
  0.107081E-03  0.120075E+08  0.120075E+08  0.155212E+08  0.155200E+08  0.000000E+00  0.120075E+08
  0.109245E-03  0.120075E+08  0.120075E+08  0.155014E+08  0.155002E+08  0.000000E+00  0.120075E+08
  0.111451E-03  0.120074E+08  0.120074E+08  0.154809E+08  0.154796E+08  0.000000E+00  0.120074E+08
  0.113703E-03  0.120073E+08  0.120073E+08  0.154596E+08  0.154582E+08  0.000000E+00  0.120073E+08
  0.116000E-03  0.120073E+08  0.120073E+08  0.154374E+08  0.154360E+08  0.000000E+00  0.120073E+08
  0.118343E-03  0.120072E+08  0.120072E+08  0.154144E+08  0.154129E+08  0.000000E+00  0.120072E+08
  0.120734E-03  0.120071E+08  0.120071E+08  0.153905E+08  0.153890E+08  0.000000E+00  0.120071E+08
  0.123173E-03  0.120070E+08  0.120070E+08  0.153656E+08  0.153640E+08  0.000000E+00  0.120070E+08
  0.125661E-03  0.120070E+08  0.120070E+08  0.153397E+08  0.153381E+08  0.000000E+00  0.120070E+08
  0.128200E-03  0.120069E+08  0.120069E+08  0.153129E+08  0.153112E+08  0.000000E+00  0.120069E+08
  0.130789E-03  0.120068E+08  0.120068E+08  0.152850E+08  0.152832E+08  0.000000E+00  0.120068E+08
  0.133432E-03  0.120067E+08  0.120067E+08  0.152559E+08  0.152541E+08  0.000000E+00  0.120067E+08
  0.136127E-03  0.120066E+08  0.120066E+08  0.152258E+08  0.152239E+08  0.000000E+00  0.120066E+08
  0.138877E-03  0.120065E+08  0.120065E+08  0.151945E+08  0.151925E+08  0.000000E+00  0.120065E+08
  0.141683E-03  0.120064E+08  0.120064E+08  0.151620E+08  0.151599E+08  0.000000E+00  0.120064E+08
  0.144545E-03  0.120063E+08  0.120063E+08  0.151282E+08  0.151261E+08  0.000000E+00  0.120063E+08
  0.147465E-03  0.120062E+08  0.120062E+08  0.150931E+08  0.150909E+08  0.000000E+00  0.120062E+08
  0.150444E-03  0.120061E+08  0.120061E+08  0.150567E+08  0.150544E+08  0.000000E+00  0.120061E+08
  0.153483E-03  0.120060E+08  0.120060E+08  0.150189E+08  0.150165E+08  0.000000E+00  0.120060E+08
  0.156583E-03  0.120058E+08  0.120058E+08  0.149796E+08  0.149771E+08  0.000000E+00  0.120058E+08
  0.159747E-03  0.120057E+08  0.120057E+08  0.149388E+08  0.149363E+08  0.000000E+00  0.120057E+08
  0.162974E-03  0.120056E+08  0.120056E+08  0.148965E+08  0.148939E+08  0.000000E+00  0.120056E+08
  0.166266E-03  0.120054E+08  0.120054E+08  0.148526E+08  0.148498E+08  0.000000E+00  0.120054E+08
  0.169625E-03  0.120053E+08  0.120053E+08  0.148070E+08  0.148041E+08  0.000000E+00  0.120053E+08
  0.173051E-03  0.120051E+08  0.120051E+08  0.147596E+08  0.147567E+08  0.000000E+00  0.120051E+08
  0.176547E-03  0.120050E+08  0.120050E+08  0.147105E+08  0.147075E+08  0.000000E+00  0.120050E+08
  0.180114E-03  0.120048E+08  0.120048E+08  0.146596E+08  0.146564E+08  0.000000E+00  0.120048E+08
  0.183752E-03  0.120046E+08  0.120046E+08  0.146068E+08  0.146035E+08  0.000000E+00  0.120046E+08
  0.187464E-03  0.120044E+08  0.120044E+08  0.145519E+08  0.145486E+08  0.000000E+00  0.120044E+08
  0.191251E-03  0.120043E+08  0.120043E+08  0.144951E+08  0.144916E+08  0.000000E+00  0.120043E+08
  0.195115E-03  0.120041E+08  0.120041E+08  0.144362E+08  0.144325E+08  0.000000E+00  0.120041E+08
  0.199056E-03  0.120039E+08  0.120039E+08  0.143751E+08  0.143713E+08  0.000000E+00  0.120039E+08
  0.203078E-03  0.120037E+08  0.120037E+08  0.143117E+08  0.143078E+08  0.000000E+00  0.120037E+08
  0.207180E-03  0.120034E+08  0.120034E+08  0.142461E+08  0.142421E+08  0.000000E+00  0.120034E+08
  0.211365E-03  0.120032E+08  0.120032E+08  0.141781E+08  0.141739E+08  0.000000E+00  0.120032E+08
  0.215635E-03  0.120030E+08  0.120030E+08  0.141076E+08  0.141033E+08  0.000000E+00  0.120030E+08
  0.219991E-03  0.120027E+08  0.120027E+08  0.140346E+08  0.140301E+08  0.000000E+00  0.120027E+08
  0.224436E-03  0.120025E+08  0.120025E+08  0.139590E+08  0.139544E+08  0.000000E+00  0.120025E+08
  0.228969E-03  0.120022E+08  0.120022E+08  0.138807E+08  0.138760E+08  0.000000E+00  0.120022E+08
  0.233595E-03  0.120019E+08  0.120019E+08  0.137997E+08  0.137948E+08  0.000000E+00  0.120019E+08
  0.238314E-03  0.120016E+08  0.120016E+08  0.137159E+08  0.137108E+08  0.000000E+00  0.120016E+08
  0.243128E-03  0.120014E+08  0.120013E+08  0.136291E+08  0.136239E+08  0.000000E+00  0.120013E+08
  0.248040E-03  0.120010E+08  0.120010E+08  0.135393E+08  0.135339E+08  0.000000E+00  0.120010E+08
  0.253050E-03  0.120007E+08  0.120007E+08  0.134465E+08  0.134410E+08  0.000000E+00  0.120007E+08
  0.258162E-03  0.120004E+08  0.120004E+08  0.133505E+08  0.133448E+08  0.000000E+00  0.120004E+08
  0.263378E-03  0.120000E+08  0.120000E+08  0.132513E+08  0.132454E+08  0.000000E+00  0.120000E+08
  0.268698E-03  0.119997E+08  0.119997E+08  0.131488E+08  0.131428E+08  0.000000E+00  0.119997E+08
  0.274126E-03  0.119993E+08  0.119993E+08  0.130430E+08  0.130367E+08  0.000000E+00  0.119993E+08
  0.279664E-03  0.119989E+08  0.119989E+08  0.129336E+08  0.129272E+08  0.000000E+00  0.119989E+08
  0.285314E-03  0.119985E+08  0.119985E+08  0.128207E+08  0.128141E+08  0.000000E+00  0.119985E+08
  0.291077E-03  0.119981E+08  0.119981E+08  0.127042E+08  0.126974E+08  0.000000E+00  0.119981E+08
  0.296957E-03  0.119976E+08  0.119976E+08  0.125841E+08  0.125771E+08  0.000000E+00  0.119976E+08
  0.302956E-03  0.119972E+08  0.119972E+08  0.124601E+08  0.124530E+08  0.000000E+00  0.119972E+08
  0.309076E-03  0.119967E+08  0.119967E+08  0.123324E+08  0.123250E+08  0.000000E+00  0.119967E+08
  0.315320E-03  0.119962E+08  0.119962E+08  0.122007E+08  0.121932E+08  0.000000E+00  0.119962E+08
  0.321690E-03  0.119957E+08  0.119957E+08  0.120652E+08  0.120574E+08  0.000000E+00  0.119957E+08
  0.328189E-03  0.119952E+08  0.119951E+08  0.119256E+08  0.119177E+08  0.000000E+00  0.119952E+08
  0.334819E-03  0.119946E+08  0.119946E+08  0.117819E+08  0.117739E+08  0.000000E+00  0.119946E+08
  0.341582E-03  0.119940E+08  0.119940E+08  0.116342E+08  0.116259E+08  0.000000E+00  0.119940E+08
  0.348483E-03  0.119934E+08  0.119934E+08  0.114823E+08  0.114739E+08  0.000000E+00  0.119934E+08
  0.355523E-03  0.119928E+08  0.119928E+08  0.113262E+08  0.113176E+08  0.000000E+00  0.119928E+08
  0.362705E-03  0.119922E+08  0.119921E+08  0.111660E+08  0.111572E+08  0.000000E+00  0.119922E+08
  0.370032E-03  0.119915E+08  0.119915E+08  0.110015E+08  0.109926E+08  0.000000E+00  0.119915E+08
  0.377507E-03  0.119908E+08  0.119908E+08  0.108328E+08  0.108237E+08  0.000000E+00  0.119908E+08
  0.385133E-03  0.119901E+08  0.119900E+08  0.106598E+08  0.106506E+08  0.000000E+00  0.119901E+08
  0.392913E-03  0.119893E+08  0.119893E+08  0.104827E+08  0.104733E+08  0.000000E+00  0.119893E+08
  0.400851E-03  0.119885E+08  0.119885E+08  0.103013E+08  0.102918E+08  0.000000E+00  0.119885E+08
  0.408948E-03  0.119877E+08  0.119877E+08  0.101157E+08  0.101061E+08  0.000000E+00  0.119877E+08
  0.417210E-03  0.119869E+08  0.119869E+08  0.992609E+07  0.991637E+07  0.000000E+00  0.119869E+08
  0.425638E-03  0.119860E+08  0.119860E+08  0.973237E+07  0.972255E+07  0.000000E+00  0.119860E+08
  0.434236E-03  0.119851E+08  0.119851E+08  0.953466E+07  0.952476E+07  0.000000E+00  0.119851E+08
  0.443008E-03  0.119842E+08  0.119841E+08  0.933306E+07  0.932310E+07  0.000000E+00  0.119841E+08
  0.451958E-03  0.119832E+08  0.119831E+08  0.912768E+07  0.911766E+07  0.000000E+00  0.119832E+08
  0.461088E-03  0.119822E+08  0.119821E+08  0.891863E+07  0.890858E+07  0.000000E+00  0.119822E+08
  0.470403E-03  0.119811E+08  0.119811E+08  0.870606E+07  0.869601E+07  0.000000E+00  0.119811E+08
  0.479905E-03  0.119800E+08  0.119800E+08  0.849015E+07  0.848010E+07  0.000000E+00  0.119800E+08
  0.489600E-03  0.119789E+08  0.119788E+08  0.827106E+07  0.826104E+07  0.000000E+00  0.119789E+08
  0.499491E-03  0.119777E+08  0.119777E+08  0.804901E+07  0.803904E+07  0.000000E+00  0.119777E+08
  0.509581E-03  0.119765E+08  0.119764E+08  0.782422E+07  0.781433E+07  0.000000E+00  0.119765E+08
  0.519875E-03  0.119752E+08  0.119752E+08  0.759695E+07  0.758716E+07  0.000000E+00  0.119752E+08
  0.530377E-03  0.119739E+08  0.119739E+08  0.736746E+07  0.735781E+07  0.000000E+00  0.119739E+08
  0.541092E-03  0.119725E+08  0.119725E+08  0.713606E+07  0.712656E+07  0.000000E+00  0.119725E+08
  0.552022E-03  0.119711E+08  0.119711E+08  0.690306E+07  0.689375E+07  0.000000E+00  0.119711E+08
  0.563174E-03  0.119697E+08  0.119696E+08  0.666880E+07  0.665971E+07  0.000000E+00  0.119697E+08
  0.574551E-03  0.119681E+08  0.119681E+08  0.643367E+07  0.642483E+07  0.000000E+00  0.119681E+08
  0.586158E-03  0.119666E+08  0.119665E+08  0.619804E+07  0.618949E+07  0.000000E+00  0.119666E+08
  0.597999E-03  0.119649E+08  0.119649E+08  0.596234E+07  0.595410E+07  0.000000E+00  0.119649E+08
  0.610079E-03  0.119633E+08  0.119632E+08  0.572701E+07  0.571912E+07  0.000000E+00  0.119632E+08
  0.622404E-03  0.119615E+08  0.119615E+08  0.549250E+07  0.548498E+07  0.000000E+00  0.119615E+08
  0.634977E-03  0.119597E+08  0.119596E+08  0.525929E+07  0.525219E+07  0.000000E+00  0.119597E+08
  0.647804E-03  0.119578E+08  0.119578E+08  0.502788E+07  0.502122E+07  0.000000E+00  0.119578E+08
  0.660891E-03  0.119559E+08  0.119558E+08  0.479879E+07  0.479261E+07  0.000000E+00  0.119559E+08
  0.674242E-03  0.119539E+08  0.119538E+08  0.457254E+07  0.456686E+07  0.000000E+00  0.119539E+08
  0.687862E-03  0.119518E+08  0.119517E+08  0.434967E+07  0.434453E+07  0.000000E+00  0.119518E+08
  0.701758E-03  0.119496E+08  0.119496E+08  0.413073E+07  0.412614E+07  0.000000E+00  0.119496E+08
  0.715934E-03  0.119474E+08  0.119474E+08  0.391627E+07  0.391226E+07  0.000000E+00  0.119474E+08
  0.730397E-03  0.119451E+08  0.119450E+08  0.370684E+07  0.370343E+07  0.000000E+00  0.119451E+08
  0.745152E-03  0.119427E+08  0.119427E+08  0.350298E+07  0.350018E+07  0.000000E+00  0.119427E+08
  0.760205E-03  0.119403E+08  0.119402E+08  0.330522E+07  0.330305E+07  0.000000E+00  0.119403E+08
  0.775563E-03  0.119377E+08  0.119376E+08  0.311409E+07  0.311255E+07  0.000000E+00  0.119377E+08
  0.791230E-03  0.119351E+08  0.119350E+08  0.293008E+07  0.292918E+07  0.000000E+00  0.119351E+08
  0.807214E-03  0.119324E+08  0.119323E+08  0.275366E+07  0.275339E+07  0.000000E+00  0.119323E+08
  0.823521E-03  0.119295E+08  0.119295E+08  0.258526E+07  0.258561E+07  0.000000E+00  0.119295E+08
  0.840157E-03  0.119266E+08  0.119266E+08  0.242528E+07  0.242624E+07  0.000000E+00  0.119266E+08
  0.857129E-03  0.119236E+08  0.119236E+08  0.227407E+07  0.227560E+07  0.000000E+00  0.119236E+08
  0.874445E-03  0.119205E+08  0.119205E+08  0.213190E+07  0.213398E+07  0.000000E+00  0.119205E+08
  0.892110E-03  0.119173E+08  0.119172E+08  0.199901E+07  0.200160E+07  0.000000E+00  0.119173E+08
  0.910131E-03  0.119140E+08  0.119139E+08  0.187556E+07  0.187861E+07  0.000000E+00  0.119140E+08
  0.928517E-03  0.119106E+08  0.119105E+08  0.176163E+07  0.176509E+07  0.000000E+00  0.119106E+08
  0.947274E-03  0.119071E+08  0.119070E+08  0.165722E+07  0.166104E+07  0.000000E+00  0.119071E+08
  0.966411E-03  0.119035E+08  0.119034E+08  0.156226E+07  0.156636E+07  0.000000E+00  0.119035E+08
  0.985933E-03  0.118997E+08  0.118996E+08  0.147657E+07  0.148088E+07  0.000000E+00  0.118997E+08
  0.100585E-02  0.118959E+08  0.118958E+08  0.139990E+07  0.140434E+07  0.000000E+00  0.118959E+08
  0.102617E-02  0.118919E+08  0.118918E+08  0.133189E+07  0.133638E+07  0.000000E+00  0.118919E+08
  0.104690E-02  0.118878E+08  0.118877E+08  0.127210E+07  0.127655E+07  0.000000E+00  0.118878E+08
  0.106805E-02  0.118836E+08  0.118834E+08  0.122000E+07  0.122432E+07  0.000000E+00  0.118835E+08
  0.108962E-02  0.118792E+08  0.118791E+08  0.117497E+07  0.117908E+07  0.000000E+00  0.118792E+08
  0.111164E-02  0.118747E+08  0.118746E+08  0.113632E+07  0.114012E+07  0.000000E+00  0.118747E+08
  0.113409E-02  0.118701E+08  0.118699E+08  0.110328E+07  0.110670E+07  0.000000E+00  0.118701E+08
  0.115700E-02  0.118653E+08  0.118652E+08  0.107505E+07  0.107801E+07  0.000000E+00  0.118653E+08
  0.118038E-02  0.118604E+08  0.118603E+08  0.105075E+07  0.105318E+07  0.000000E+00  0.118604E+08
  0.120422E-02  0.118554E+08  0.118552E+08  0.102952E+07  0.103135E+07  0.000000E+00  0.118553E+08
  0.122855E-02  0.118502E+08  0.118500E+08  0.101044E+07  0.101164E+07  0.000000E+00  0.118501E+08
  0.125337E-02  0.118448E+08  0.118446E+08  0.992647E+06  0.993179E+06  0.000000E+00  0.118448E+08
  0.127869E-02  0.118393E+08  0.118391E+08  0.975291E+06  0.975136E+06  0.000000E+00  0.118393E+08
  0.130452E-02  0.118336E+08  0.118334E+08  0.957583E+06  0.956741E+06  0.000000E+00  0.118336E+08
  0.133087E-02  0.118278E+08  0.118276E+08  0.938813E+06  0.937302E+06  0.000000E+00  0.118278E+08
  0.135776E-02  0.118218E+08  0.118216E+08  0.918372E+06  0.916225E+06  0.000000E+00  0.118218E+08
  0.138518E-02  0.118156E+08  0.118154E+08  0.895769E+06  0.893041E+06  0.000000E+00  0.118156E+08
  0.141317E-02  0.118093E+08  0.118091E+08  0.870656E+06  0.867414E+06  0.000000E+00  0.118093E+08
  0.144172E-02  0.118028E+08  0.118026E+08  0.842834E+06  0.839161E+06  0.000000E+00  0.118027E+08
  0.147084E-02  0.117961E+08  0.117958E+08  0.812268E+06  0.808255E+06  0.000000E+00  0.117960E+08
  0.150055E-02  0.117892E+08  0.117889E+08  0.779086E+06  0.774832E+06  0.000000E+00  0.117892E+08
  0.153087E-02  0.117821E+08  0.117818E+08  0.743579E+06  0.739183E+06  0.000000E+00  0.117821E+08
  0.156179E-02  0.117748E+08  0.117746E+08  0.706190E+06  0.701748E+06  0.000000E+00  0.117748E+08
  0.159334E-02  0.117674E+08  0.117671E+08  0.667499E+06  0.663096E+06  0.000000E+00  0.117673E+08
  0.162553E-02  0.117597E+08  0.117594E+08  0.628193E+06  0.623898E+06  0.000000E+00  0.117596E+08
  0.165837E-02  0.117518E+08  0.117515E+08  0.589036E+06  0.584896E+06  0.000000E+00  0.117517E+08
  0.169187E-02  0.117437E+08  0.117434E+08  0.550834E+06  0.546868E+06  0.000000E+00  0.117436E+08
  0.172605E-02  0.117354E+08  0.117350E+08  0.514384E+06  0.510579E+06  0.000000E+00  0.117353E+08
  0.176091E-02  0.117268E+08  0.117265E+08  0.480433E+06  0.476742E+06  0.000000E+00  0.117268E+08
  0.179649E-02  0.117180E+08  0.117177E+08  0.449631E+06  0.445972E+06  0.000000E+00  0.117180E+08
  0.183278E-02  0.117090E+08  0.117086E+08  0.422483E+06  0.418739E+06  0.000000E+00  0.117090E+08
  0.186980E-02  0.116998E+08  0.116994E+08  0.399316E+06  0.395343E+06  0.000000E+00  0.116997E+08
  0.190758E-02  0.116903E+08  0.116899E+08  0.380245E+06  0.375876E+06  0.000000E+00  0.116902E+08
  0.194611E-02  0.116805E+08  0.116801E+08  0.365157E+06  0.360217E+06  0.000000E+00  0.116805E+08
  0.198543E-02  0.116706E+08  0.116701E+08  0.353711E+06  0.348028E+06  0.000000E+00  0.116705E+08
  0.202553E-02  0.116603E+08  0.116598E+08  0.345353E+06  0.338773E+06  0.000000E+00  0.116602E+08
  0.206645E-02  0.116498E+08  0.116493E+08  0.339347E+06  0.331750E+06  0.000000E+00  0.116497E+08
  0.210820E-02  0.116390E+08  0.116385E+08  0.000000E+00  0.000000E+00  0.000000E+00  0.116389E+08
  0.215079E-02  0.116279E+08  0.116274E+08  0.000000E+00  0.000000E+00  0.000000E+00  0.116278E+08
  0.219423E-02  0.116166E+08  0.116160E+08  0.000000E+00  0.000000E+00  0.000000E+00  0.116165E+08
  0.223856E-02  0.116049E+08  0.116044E+08  0.000000E+00  0.000000E+00  0.000000E+00  0.116049E+08
  0.228378E-02  0.115930E+08  0.115924E+08  0.000000E+00  0.000000E+00  0.000000E+00  0.115929E+08
  0.232992E-02  0.115808E+08  0.115802E+08  0.000000E+00  0.000000E+00  0.000000E+00  0.115807E+08
  0.237699E-02  0.115683E+08  0.115676E+08  0.000000E+00  0.000000E+00  0.000000E+00  0.115682E+08
  0.242501E-02  0.115554E+08  0.115548E+08  0.000000E+00  0.000000E+00  0.000000E+00  0.115553E+08
  0.247399E-02  0.115423E+08  0.115416E+08  0.000000E+00  0.000000E+00  0.000000E+00  0.115422E+08
  0.252397E-02  0.115288E+08  0.115281E+08  0.000000E+00  0.000000E+00  0.000000E+00  0.115287E+08
  0.257496E-02  0.115150E+08  0.115142E+08  0.000000E+00  0.000000E+00  0.000000E+00  0.115149E+08
  0.262698E-02  0.115008E+08  0.115001E+08  0.000000E+00  0.000000E+00  0.000000E+00  0.115007E+08
  0.268004E-02  0.114864E+08  0.114856E+08  0.000000E+00  0.000000E+00  0.000000E+00  0.114862E+08
  0.273419E-02  0.114715E+08  0.114707E+08  0.000000E+00  0.000000E+00  0.000000E+00  0.114714E+08
  0.278942E-02  0.114563E+08  0.114555E+08  0.000000E+00  0.000000E+00  0.000000E+00  0.114562E+08
  0.284577E-02  0.114408E+08  0.114399E+08  0.000000E+00  0.000000E+00  0.000000E+00  0.114406E+08
  0.290326E-02  0.114249E+08  0.114239E+08  0.000000E+00  0.000000E+00  0.000000E+00  0.114247E+08
  0.296191E-02  0.114086E+08  0.114076E+08  0.000000E+00  0.000000E+00  0.000000E+00  0.114084E+08
  0.302174E-02  0.113919E+08  0.113909E+08  0.000000E+00  0.000000E+00  0.000000E+00  0.113918E+08
  0.308278E-02  0.113749E+08  0.113738E+08  0.000000E+00  0.000000E+00  0.000000E+00  0.113747E+08
  0.314506E-02  0.113574E+08  0.113563E+08  0.000000E+00  0.000000E+00  0.000000E+00  0.113573E+08
  0.320860E-02  0.113396E+08  0.113385E+08  0.000000E+00  0.000000E+00  0.000000E+00  0.113394E+08
  0.327341E-02  0.113213E+08  0.113202E+08  0.000000E+00  0.000000E+00  0.000000E+00  0.113211E+08
  0.333954E-02  0.113027E+08  0.113014E+08  0.000000E+00  0.000000E+00  0.000000E+00  0.113025E+08
  0.340700E-02  0.112836E+08  0.112823E+08  0.000000E+00  0.000000E+00  0.000000E+00  0.112834E+08
  0.347583E-02  0.112641E+08  0.112628E+08  0.000000E+00  0.000000E+00  0.000000E+00  0.112639E+08
  0.354605E-02  0.112441E+08  0.112428E+08  0.000000E+00  0.000000E+00  0.000000E+00  0.112439E+08
  0.361768E-02  0.112237E+08  0.112223E+08  0.000000E+00  0.000000E+00  0.000000E+00  0.112235E+08
  0.369076E-02  0.112029E+08  0.112014E+08  0.000000E+00  0.000000E+00  0.000000E+00  0.112027E+08
  0.376532E-02  0.111816E+08  0.111801E+08  0.000000E+00  0.000000E+00  0.000000E+00  0.111814E+08
  0.384139E-02  0.111599E+08  0.111583E+08  0.000000E+00  0.000000E+00  0.000000E+00  0.111596E+08
  0.391899E-02  0.111377E+08  0.111360E+08  0.000000E+00  0.000000E+00  0.000000E+00  0.111374E+08
  0.399816E-02  0.111150E+08  0.111132E+08  0.000000E+00  0.000000E+00  0.000000E+00  0.111147E+08
  0.407893E-02  0.110918E+08  0.110900E+08  0.000000E+00  0.000000E+00  0.000000E+00  0.110915E+08
  0.416133E-02  0.110681E+08  0.110663E+08  0.000000E+00  0.000000E+00  0.000000E+00  0.110678E+08
  0.424539E-02  0.110440E+08  0.110420E+08  0.000000E+00  0.000000E+00  0.000000E+00  0.110437E+08
  0.433115E-02  0.110193E+08  0.110173E+08  0.000000E+00  0.000000E+00  0.000000E+00  0.110190E+08
  0.441865E-02  0.109941E+08  0.109920E+08  0.000000E+00  0.000000E+00  0.000000E+00  0.109938E+08
  0.450791E-02  0.109684E+08  0.109663E+08  0.000000E+00  0.000000E+00  0.000000E+00  0.109681E+08
  0.459898E-02  0.109422E+08  0.109400E+08  0.000000E+00  0.000000E+00  0.000000E+00  0.109419E+08
  0.469188E-02  0.109155E+08  0.109131E+08  0.000000E+00  0.000000E+00  0.000000E+00  0.109151E+08
  0.478666E-02  0.108882E+08  0.108857E+08  0.000000E+00  0.000000E+00  0.000000E+00  0.108878E+08
  0.488336E-02  0.108603E+08  0.108578E+08  0.000000E+00  0.000000E+00  0.000000E+00  0.108599E+08
  0.498201E-02  0.108319E+08  0.108293E+08  0.000000E+00  0.000000E+00  0.000000E+00  0.108315E+08
  0.508265E-02  0.108030E+08  0.108003E+08  0.000000E+00  0.000000E+00  0.000000E+00  0.108026E+08
  0.518533E-02  0.107735E+08  0.107706E+08  0.000000E+00  0.000000E+00  0.000000E+00  0.107730E+08
  0.529008E-02  0.107434E+08  0.107404E+08  0.000000E+00  0.000000E+00  0.000000E+00  0.107429E+08
  0.539695E-02  0.107127E+08  0.107096E+08  0.000000E+00  0.000000E+00  0.000000E+00  0.107122E+08
  0.550597E-02  0.106814E+08  0.106783E+08  0.000000E+00  0.000000E+00  0.000000E+00  0.106809E+08
  0.561720E-02  0.106496E+08  0.106463E+08  0.000000E+00  0.000000E+00  0.000000E+00  0.106491E+08
  0.573068E-02  0.106171E+08  0.106137E+08  0.000000E+00  0.000000E+00  0.000000E+00  0.106166E+08
  0.584644E-02  0.105840E+08  0.105805E+08  0.000000E+00  0.000000E+00  0.000000E+00  0.105835E+08
  0.596455E-02  0.105503E+08  0.105466E+08  0.000000E+00  0.000000E+00  0.000000E+00  0.105498E+08
  0.608504E-02  0.105160E+08  0.105122E+08  0.000000E+00  0.000000E+00  0.000000E+00  0.105154E+08
  0.620797E-02  0.104810E+08  0.104771E+08  0.000000E+00  0.000000E+00  0.000000E+00  0.104804E+08
  0.633337E-02  0.104455E+08  0.104413E+08  0.000000E+00  0.000000E+00  0.000000E+00  0.104448E+08
  0.646132E-02  0.104092E+08  0.104049E+08  0.000000E+00  0.000000E+00  0.000000E+00  0.104086E+08
  0.659185E-02  0.103723E+08  0.103679E+08  0.000000E+00  0.000000E+00  0.000000E+00  0.103716E+08
  0.672501E-02  0.103348E+08  0.103302E+08  0.000000E+00  0.000000E+00  0.000000E+00  0.103341E+08
  0.686087E-02  0.102965E+08  0.102918E+08  0.000000E+00  0.000000E+00  0.000000E+00  0.102958E+08
  0.699946E-02  0.102577E+08  0.102527E+08  0.000000E+00  0.000000E+00  0.000000E+00  0.102569E+08
  0.714086E-02  0.102181E+08  0.102129E+08  0.000000E+00  0.000000E+00  0.000000E+00  0.102173E+08
  0.728512E-02  0.101778E+08  0.101725E+08  0.000000E+00  0.000000E+00  0.000000E+00  0.101770E+08
  0.743229E-02  0.101368E+08  0.101313E+08  0.000000E+00  0.000000E+00  0.000000E+00  0.101360E+08
  0.758243E-02  0.100952E+08  0.100894E+08  0.000000E+00  0.000000E+00  0.000000E+00  0.100943E+08
  0.773560E-02  0.100528E+08  0.100468E+08  0.000000E+00  0.000000E+00  0.000000E+00  0.100519E+08
  0.789187E-02  0.100097E+08  0.100035E+08  0.000000E+00  0.000000E+00  0.000000E+00  0.100088E+08
  0.805130E-02  0.996590E+07  0.995948E+07  0.000000E+00  0.000000E+00  0.000000E+00  0.996491E+07
  0.821395E-02  0.992136E+07  0.991470E+07  0.000000E+00  0.000000E+00  0.000000E+00  0.992033E+07
  0.837988E-02  0.987607E+07  0.986917E+07  0.000000E+00  0.000000E+00  0.000000E+00  0.987501E+07
  0.854916E-02  0.983004E+07  0.982288E+07  0.000000E+00  0.000000E+00  0.000000E+00  0.982894E+07
  0.872187E-02  0.978326E+07  0.977584E+07  0.000000E+00  0.000000E+00  0.000000E+00  0.978212E+07
  0.889806E-02  0.973573E+07  0.972803E+07  0.000000E+00  0.000000E+00  0.000000E+00  0.973454E+07
  0.907781E-02  0.968742E+07  0.967944E+07  0.000000E+00  0.000000E+00  0.000000E+00  0.968619E+07
  0.926120E-02  0.963835E+07  0.963007E+07  0.000000E+00  0.000000E+00  0.000000E+00  0.963707E+07
  0.944829E-02  0.958849E+07  0.957992E+07  0.000000E+00  0.000000E+00  0.000000E+00  0.958717E+07
  0.963915E-02  0.953785E+07  0.952896E+07  0.000000E+00  0.000000E+00  0.000000E+00  0.953648E+07
  0.983388E-02  0.948642E+07  0.947721E+07  0.000000E+00  0.000000E+00  0.000000E+00  0.948500E+07
  0.100325E-01  0.943418E+07  0.942464E+07  0.000000E+00  0.000000E+00  0.000000E+00  0.943271E+07
  0.102352E-01  0.938115E+07  0.937126E+07  0.000000E+00  0.000000E+00  0.000000E+00  0.937962E+07
  0.104420E-01  0.932730E+07  0.931706E+07  0.000000E+00  0.000000E+00  0.000000E+00  0.932572E+07
  0.106529E-01  0.927263E+07  0.926202E+07  0.000000E+00  0.000000E+00  0.000000E+00  0.927099E+07
  0.108681E-01  0.921713E+07  0.920615E+07  0.000000E+00  0.000000E+00  0.000000E+00  0.921544E+07
  0.110877E-01  0.916081E+07  0.914944E+07  0.000000E+00  0.000000E+00  0.000000E+00  0.915905E+07
  0.113117E-01  0.910364E+07  0.909188E+07  0.000000E+00  0.000000E+00  0.000000E+00  0.910183E+07
  0.115402E-01  0.904564E+07  0.903346E+07  0.000000E+00  0.000000E+00  0.000000E+00  0.904376E+07
  0.117733E-01  0.898678E+07  0.897418E+07  0.000000E+00  0.000000E+00  0.000000E+00  0.898484E+07
  0.120111E-01  0.892707E+07  0.891403E+07  0.000000E+00  0.000000E+00  0.000000E+00  0.892506E+07
  0.122538E-01  0.886650E+07  0.885300E+07  0.000000E+00  0.000000E+00  0.000000E+00  0.886442E+07
  0.125013E-01  0.880506E+07  0.879110E+07  0.000000E+00  0.000000E+00  0.000000E+00  0.880291E+07
  0.127539E-01  0.874275E+07  0.872832E+07  0.000000E+00  0.000000E+00  0.000000E+00  0.874053E+07
  0.130115E-01  0.867957E+07  0.866465E+07  0.000000E+00  0.000000E+00  0.000000E+00  0.867727E+07
  0.132743E-01  0.861551E+07  0.860008E+07  0.000000E+00  0.000000E+00  0.000000E+00  0.861313E+07
  0.135425E-01  0.855056E+07  0.853462E+07  0.000000E+00  0.000000E+00  0.000000E+00  0.854810E+07
  0.138161E-01  0.848472E+07  0.846825E+07  0.000000E+00  0.000000E+00  0.000000E+00  0.848218E+07
  0.140952E-01  0.841800E+07  0.840098E+07  0.000000E+00  0.000000E+00  0.000000E+00  0.841537E+07
  0.143799E-01  0.835038E+07  0.833280E+07  0.000000E+00  0.000000E+00  0.000000E+00  0.834767E+07
  0.146704E-01  0.828186E+07  0.826372E+07  0.000000E+00  0.000000E+00  0.000000E+00  0.827906E+07
  0.149668E-01  0.821245E+07  0.819372E+07  0.000000E+00  0.000000E+00  0.000000E+00  0.820956E+07
  0.152691E-01  0.814214E+07  0.812280E+07  0.000000E+00  0.000000E+00  0.000000E+00  0.813915E+07
  0.155776E-01  0.807093E+07  0.805098E+07  0.000000E+00  0.000000E+00  0.000000E+00  0.806785E+07
  0.158923E-01  0.799882E+07  0.797825E+07  0.000000E+00  0.000000E+00  0.000000E+00  0.799564E+07
  0.162133E-01  0.792581E+07  0.790460E+07  0.000000E+00  0.000000E+00  0.000000E+00  0.792254E+07
  0.165409E-01  0.785191E+07  0.783004E+07  0.000000E+00  0.000000E+00  0.000000E+00  0.784853E+07
  0.168750E-01  0.777711E+07  0.775458E+07  0.000000E+00  0.000000E+00  0.000000E+00  0.777364E+07
  0.172159E-01  0.770143E+07  0.767822E+07  0.000000E+00  0.000000E+00  0.000000E+00  0.769785E+07
  0.175637E-01  0.762487E+07  0.760097E+07  0.000000E+00  0.000000E+00  0.000000E+00  0.762118E+07
  0.179185E-01  0.754742E+07  0.752283E+07  0.000000E+00  0.000000E+00  0.000000E+00  0.754363E+07
  0.182805E-01  0.746911E+07  0.744381E+07  0.000000E+00  0.000000E+00  0.000000E+00  0.746521E+07
  0.186498E-01  0.738995E+07  0.736392E+07  0.000000E+00  0.000000E+00  0.000000E+00  0.738593E+07
  0.190265E-01  0.730993E+07  0.728317E+07  0.000000E+00  0.000000E+00  0.000000E+00  0.730580E+07
  0.194109E-01  0.722908E+07  0.720158E+07  0.000000E+00  0.000000E+00  0.000000E+00  0.722484E+07
  0.198030E-01  0.714741E+07  0.711916E+07  0.000000E+00  0.000000E+00  0.000000E+00  0.714305E+07
  0.202030E-01  0.706494E+07  0.703593E+07  0.000000E+00  0.000000E+00  0.000000E+00  0.706046E+07
  0.206112E-01  0.698168E+07  0.695191E+07  0.000000E+00  0.000000E+00  0.000000E+00  0.697708E+07
  0.210276E-01  0.689765E+07  0.686712E+07  0.000000E+00  0.000000E+00  0.000000E+00  0.689294E+07
  0.214523E-01  0.681289E+07  0.678159E+07  0.000000E+00  0.000000E+00  0.000000E+00  0.680806E+07
  0.218857E-01  0.672740E+07  0.669534E+07  0.000000E+00  0.000000E+00  0.000000E+00  0.672245E+07
  0.223278E-01  0.664123E+07  0.660840E+07  0.000000E+00  0.000000E+00  0.000000E+00  0.663616E+07
  0.227789E-01  0.655440E+07  0.652080E+07  0.000000E+00  0.000000E+00  0.000000E+00  0.654921E+07
  0.232390E-01  0.646694E+07  0.643258E+07  0.000000E+00  0.000000E+00  0.000000E+00  0.646164E+07
  0.237085E-01  0.637889E+07  0.634377E+07  0.000000E+00  0.000000E+00  0.000000E+00  0.637347E+07
  0.241874E-01  0.629030E+07  0.625442E+07  0.000000E+00  0.000000E+00  0.000000E+00  0.628476E+07
  0.246761E-01  0.620120E+07  0.616458E+07  0.000000E+00  0.000000E+00  0.000000E+00  0.619554E+07
  0.251745E-01  0.611163E+07  0.607429E+07  0.000000E+00  0.000000E+00  0.000000E+00  0.610587E+07
  0.256831E-01  0.602166E+07  0.598360E+07  0.000000E+00  0.000000E+00  0.000000E+00  0.601578E+07
  0.262019E-01  0.593132E+07  0.589257E+07  0.000000E+00  0.000000E+00  0.000000E+00  0.592534E+07
  0.267312E-01  0.584069E+07  0.580126E+07  0.000000E+00  0.000000E+00  0.000000E+00  0.583460E+07
  0.272713E-01  0.574981E+07  0.570973E+07  0.000000E+00  0.000000E+00  0.000000E+00  0.574362E+07
  0.278222E-01  0.565875E+07  0.561805E+07  0.000000E+00  0.000000E+00  0.000000E+00  0.565247E+07
  0.283842E-01  0.556759E+07  0.552629E+07  0.000000E+00  0.000000E+00  0.000000E+00  0.556122E+07
  0.289576E-01  0.547639E+07  0.543452E+07  0.000000E+00  0.000000E+00  0.000000E+00  0.546993E+07
  0.295426E-01  0.538523E+07  0.534283E+07  0.000000E+00  0.000000E+00  0.000000E+00  0.537868E+07
  0.301394E-01  0.529418E+07  0.525130E+07  0.000000E+00  0.000000E+00  0.000000E+00  0.528757E+07
  0.307483E-01  0.520334E+07  0.516002E+07  0.000000E+00  0.000000E+00  0.000000E+00  0.519666E+07
  0.313694E-01  0.511279E+07  0.506907E+07  0.000000E+00  0.000000E+00  0.000000E+00  0.510604E+07
  0.320031E-01  0.502262E+07  0.497855E+07  0.000000E+00  0.000000E+00  0.000000E+00  0.501582E+07
  0.326496E-01  0.493292E+07  0.488856E+07  0.000000E+00  0.000000E+00  0.000000E+00  0.492607E+07
  0.333092E-01  0.484379E+07  0.479920E+07  0.000000E+00  0.000000E+00  0.000000E+00  0.483691E+07
  0.339821E-01  0.475533E+07  0.471056E+07  0.000000E+00  0.000000E+00  0.000000E+00  0.474842E+07
  0.346686E-01  0.466764E+07  0.462276E+07  0.000000E+00  0.000000E+00  0.000000E+00  0.466071E+07
  0.353689E-01  0.458081E+07  0.453590E+07  0.000000E+00  0.000000E+00  0.000000E+00  0.457388E+07
  0.360834E-01  0.449496E+07  0.445008E+07  0.000000E+00  0.000000E+00  0.000000E+00  0.448804E+07
  0.368124E-01  0.441018E+07  0.436540E+07  0.000000E+00  0.000000E+00  0.000000E+00  0.440327E+07
  0.375560E-01  0.432653E+07  0.428193E+07  0.000000E+00  0.000000E+00  0.000000E+00  0.431964E+07
  0.383147E-01  0.424359E+07  0.419926E+07  0.000000E+00  0.000000E+00  0.000000E+00  0.423675E+07
  0.390887E-01  0.416198E+07  0.411800E+07  0.000000E+00  0.000000E+00  0.000000E+00  0.415519E+07
  0.398783E-01  0.408181E+07  0.403826E+07  0.000000E+00  0.000000E+00  0.000000E+00  0.407509E+07
  0.406840E-01  0.400321E+07  0.396017E+07  0.000000E+00  0.000000E+00  0.000000E+00  0.399656E+07
  0.415058E-01  0.392627E+07  0.388383E+07  0.000000E+00  0.000000E+00  0.000000E+00  0.391972E+07
  0.423443E-01  0.385109E+07  0.380933E+07  0.000000E+00  0.000000E+00  0.000000E+00  0.384465E+07
  0.431997E-01  0.377776E+07  0.373677E+07  0.000000E+00  0.000000E+00  0.000000E+00  0.377143E+07
  0.440724E-01  0.370633E+07  0.366620E+07  0.000000E+00  0.000000E+00  0.000000E+00  0.370014E+07
  0.449627E-01  0.363686E+07  0.359766E+07  0.000000E+00  0.000000E+00  0.000000E+00  0.363081E+07
  0.458710E-01  0.356935E+07  0.353116E+07  0.000000E+00  0.000000E+00  0.000000E+00  0.356346E+07
  0.467977E-01  0.350383E+07  0.346673E+07  0.000000E+00  0.000000E+00  0.000000E+00  0.349811E+07
  0.477431E-01  0.344027E+07  0.340432E+07  0.000000E+00  0.000000E+00  0.000000E+00  0.343472E+07
  0.487075E-01  0.337862E+07  0.334389E+07  0.000000E+00  0.000000E+00  0.000000E+00  0.337326E+07
  0.496915E-01  0.331883E+07  0.328537E+07  0.000000E+00  0.000000E+00  0.000000E+00  0.331367E+07
  0.506953E-01  0.326082E+07  0.322870E+07  0.000000E+00  0.000000E+00  0.000000E+00  0.325587E+07
  0.517194E-01  0.320451E+07  0.317375E+07  0.000000E+00  0.000000E+00  0.000000E+00  0.319976E+07
  0.527642E-01  0.314979E+07  0.312043E+07  0.000000E+00  0.000000E+00  0.000000E+00  0.314526E+07
  0.538301E-01  0.309657E+07  0.306861E+07  0.000000E+00  0.000000E+00  0.000000E+00  0.309225E+07
  0.549176E-01  0.304471E+07  0.301819E+07  0.000000E+00  0.000000E+00  0.000000E+00  0.304062E+07
  0.560270E-01  0.299412E+07  0.296901E+07  0.000000E+00  0.000000E+00  0.000000E+00  0.299024E+07
  0.571588E-01  0.294476E+07  0.292106E+07  0.000000E+00  0.000000E+00  0.000000E+00  0.294110E+07
  0.583135E-01  0.289666E+07  0.287434E+07  0.000000E+00  0.000000E+00  0.000000E+00  0.289322E+07
  0.594915E-01  0.284947E+07  0.282848E+07  0.000000E+00  0.000000E+00  0.000000E+00  0.284623E+07
  0.606933E-01  0.280538E+07  0.278567E+07  0.000000E+00  0.000000E+00  0.000000E+00  0.280234E+07
  0.619194E-01  0.275973E+07  0.274123E+07  0.000000E+00  0.000000E+00  0.000000E+00  0.275687E+07
  0.631702E-01  0.271440E+07  0.269703E+07  0.000000E+00  0.000000E+00  0.000000E+00  0.271172E+07
  0.644464E-01  0.266920E+07  0.265287E+07  0.000000E+00  0.000000E+00  0.000000E+00  0.266668E+07
  0.657483E-01  0.262395E+07  0.260856E+07  0.000000E+00  0.000000E+00  0.000000E+00  0.262158E+07
  0.670765E-01  0.257846E+07  0.256388E+07  0.000000E+00  0.000000E+00  0.000000E+00  0.257621E+07
  0.684315E-01  0.253254E+07  0.251866E+07  0.000000E+00  0.000000E+00  0.000000E+00  0.253040E+07
  0.698139E-01  0.248604E+07  0.247272E+07  0.000000E+00  0.000000E+00  0.000000E+00  0.248399E+07
  0.712242E-01  0.243882E+07  0.242594E+07  0.000000E+00  0.000000E+00  0.000000E+00  0.243683E+07
  0.726631E-01  0.239077E+07  0.237819E+07  0.000000E+00  0.000000E+00  0.000000E+00  0.238883E+07
  0.741310E-01  0.234183E+07  0.232942E+07  0.000000E+00  0.000000E+00  0.000000E+00  0.233992E+07
  0.756285E-01  0.229198E+07  0.227961E+07  0.000000E+00  0.000000E+00  0.000000E+00  0.229007E+07
  0.771563E-01  0.224124E+07  0.222880E+07  0.000000E+00  0.000000E+00  0.000000E+00  0.223932E+07
  0.787150E-01  0.218969E+07  0.217706E+07  0.000000E+00  0.000000E+00  0.000000E+00  0.218774E+07
  0.803051E-01  0.213747E+07  0.212456E+07  0.000000E+00  0.000000E+00  0.000000E+00  0.213547E+07
  0.819274E-01  0.208471E+07  0.207144E+07  0.000000E+00  0.000000E+00  0.000000E+00  0.208267E+07
  0.835824E-01  0.203164E+07  0.201796E+07  0.000000E+00  0.000000E+00  0.000000E+00  0.202953E+07
  0.852709E-01  0.197848E+07  0.196434E+07  0.000000E+00  0.000000E+00  0.000000E+00  0.197630E+07
  0.869935E-01  0.192549E+07  0.191088E+07  0.000000E+00  0.000000E+00  0.000000E+00  0.192323E+07
  0.887509E-01  0.187293E+07  0.185787E+07  0.000000E+00  0.000000E+00  0.000000E+00  0.187061E+07
  0.905437E-01  0.182110E+07  0.180562E+07  0.000000E+00  0.000000E+00  0.000000E+00  0.181872E+07
  0.923729E-01  0.177031E+07  0.175447E+07  0.000000E+00  0.000000E+00  0.000000E+00  0.176787E+07
  0.942389E-01  0.172086E+07  0.170475E+07  0.000000E+00  0.000000E+00  0.000000E+00  0.171838E+07
  0.961427E-01  0.167307E+07  0.165679E+07  0.000000E+00  0.000000E+00  0.000000E+00  0.167056E+07
  0.980849E-01  0.162723E+07  0.161091E+07  0.000000E+00  0.000000E+00  0.000000E+00  0.162471E+07
  0.100066E+00  0.158361E+07  0.156737E+07  0.000000E+00  0.000000E+00  0.000000E+00  0.158110E+07
  0.102088E+00  0.154242E+07  0.152641E+07  0.000000E+00  0.000000E+00  0.000000E+00  0.153995E+07
  0.104150E+00  0.150379E+07  0.148816E+07  0.000000E+00  0.000000E+00  0.000000E+00  0.150138E+07
  0.106254E+00  0.146777E+07  0.145265E+07  0.000000E+00  0.000000E+00  0.000000E+00  0.146544E+07
  0.108401E+00  0.143431E+07  0.141983E+07  0.000000E+00  0.000000E+00  0.000000E+00  0.143208E+07
  0.110590E+00  0.140326E+07  0.138952E+07  0.000000E+00  0.000000E+00  0.000000E+00  0.140114E+07
  0.112824E+00  0.137436E+07  0.136147E+07  0.000000E+00  0.000000E+00  0.000000E+00  0.137237E+07
  0.115104E+00  0.134733E+07  0.133533E+07  0.000000E+00  0.000000E+00  0.000000E+00  0.134548E+07
  0.117429E+00  0.132180E+07  0.131071E+07  0.000000E+00  0.000000E+00  0.000000E+00  0.132009E+07
  0.119801E+00  0.129736E+07  0.128717E+07  0.000000E+00  0.000000E+00  0.000000E+00  0.129578E+07
  0.122221E+00  0.127356E+07  0.126423E+07  0.000000E+00  0.000000E+00  0.000000E+00  0.127212E+07
  0.124690E+00  0.124995E+07  0.124139E+07  0.000000E+00  0.000000E+00  0.000000E+00  0.124863E+07
  0.127209E+00  0.122602E+07  0.121813E+07  0.000000E+00  0.000000E+00  0.000000E+00  0.122480E+07
  0.129779E+00  0.120132E+07  0.119396E+07  0.000000E+00  0.000000E+00  0.000000E+00  0.120018E+07
  0.132401E+00  0.117546E+07  0.116848E+07  0.000000E+00  0.000000E+00  0.000000E+00  0.117438E+07
  0.135075E+00  0.114820E+07  0.114144E+07  0.000000E+00  0.000000E+00  0.000000E+00  0.114716E+07
  0.137804E+00  0.111948E+07  0.111279E+07  0.000000E+00  0.000000E+00  0.000000E+00  0.111844E+07
  0.140588E+00  0.108942E+07  0.108267E+07  0.000000E+00  0.000000E+00  0.000000E+00  0.108838E+07
  0.143428E+00  0.105835E+07  0.105142E+07  0.000000E+00  0.000000E+00  0.000000E+00  0.105728E+07
  0.146325E+00  0.102669E+07  0.101950E+07  0.000000E+00  0.000000E+00  0.000000E+00  0.102558E+07
  0.149281E+00  0.994909E+06  0.987429E+06  0.000000E+00  0.000000E+00  0.000000E+00  0.993755E+06
  0.152297E+00  0.963484E+06  0.955717E+06  0.000000E+00  0.000000E+00  0.000000E+00  0.962285E+06
  0.155374E+00  0.932880E+06  0.924872E+06  0.000000E+00  0.000000E+00  0.000000E+00  0.931644E+06
  0.158512E+00  0.903553E+06  0.895388E+06  0.000000E+00  0.000000E+00  0.000000E+00  0.902293E+06
  0.161715E+00  0.875953E+06  0.867745E+06  0.000000E+00  0.000000E+00  0.000000E+00  0.874686E+06
  0.164982E+00  0.850462E+06  0.842341E+06  0.000000E+00  0.000000E+00  0.000000E+00  0.849209E+06
  0.168314E+00  0.827323E+06  0.819423E+06  0.000000E+00  0.000000E+00  0.000000E+00  0.826103E+06
  0.171715E+00  0.806537E+06  0.798983E+06  0.000000E+00  0.000000E+00  0.000000E+00  0.805371E+06
  0.175183E+00  0.787852E+06  0.780742E+06  0.000000E+00  0.000000E+00  0.000000E+00  0.786755E+06
  0.178722E+00  0.770792E+06  0.764191E+06  0.000000E+00  0.000000E+00  0.000000E+00  0.769774E+06
  0.182333E+00  0.754773E+06  0.748700E+06  0.000000E+00  0.000000E+00  0.000000E+00  0.753836E+06
  0.186016E+00  0.739200E+06  0.733631E+06  0.000000E+00  0.000000E+00  0.000000E+00  0.738340E+06
  0.189774E+00  0.723532E+06  0.718401E+06  0.000000E+00  0.000000E+00  0.000000E+00  0.722740E+06
  0.193608E+00  0.707314E+06  0.702522E+06  0.000000E+00  0.000000E+00  0.000000E+00  0.706575E+06
  0.197519E+00  0.690197E+06  0.685627E+06  0.000000E+00  0.000000E+00  0.000000E+00  0.689492E+06
  0.201509E+00  0.672002E+06  0.667531E+06  0.000000E+00  0.000000E+00  0.000000E+00  0.671312E+06
  0.205580E+00  0.652771E+06  0.648295E+06  0.000000E+00  0.000000E+00  0.000000E+00  0.652080E+06
  0.209733E+00  0.632797E+06  0.628238E+06  0.000000E+00  0.000000E+00  0.000000E+00  0.632093E+06
  0.213970E+00  0.612552E+06  0.607874E+06  0.000000E+00  0.000000E+00  0.000000E+00  0.611830E+06
  0.218292E+00  0.592600E+06  0.587808E+06  0.000000E+00  0.000000E+00  0.000000E+00  0.591860E+06
  0.222702E+00  0.573481E+06  0.568622E+06  0.000000E+00  0.000000E+00  0.000000E+00  0.572731E+06
  0.227201E+00  0.555650E+06  0.550802E+06  0.000000E+00  0.000000E+00  0.000000E+00  0.554902E+06
  0.231790E+00  0.539399E+06  0.534651E+06  0.000000E+00  0.000000E+00  0.000000E+00  0.538667E+06
  0.236473E+00  0.524793E+06  0.520232E+06  0.000000E+00  0.000000E+00  0.000000E+00  0.524089E+06
  0.241250E+00  0.511625E+06  0.507318E+06  0.000000E+00  0.000000E+00  0.000000E+00  0.510960E+06
  0.246123E+00  0.499465E+06  0.495443E+06  0.000000E+00  0.000000E+00  0.000000E+00  0.498845E+06
  0.251096E+00  0.487769E+06  0.484025E+06  0.000000E+00  0.000000E+00  0.000000E+00  0.487191E+06
  0.256168E+00  0.476026E+06  0.472517E+06  0.000000E+00  0.000000E+00  0.000000E+00  0.475485E+06
  0.261343E+00  0.463863E+06  0.460522E+06  0.000000E+00  0.000000E+00  0.000000E+00  0.463348E+06
  0.266622E+00  0.451104E+06  0.447856E+06  0.000000E+00  0.000000E+00  0.000000E+00  0.450603E+06
  0.272009E+00  0.437784E+06  0.434564E+06  0.000000E+00  0.000000E+00  0.000000E+00  0.437287E+06
  0.277503E+00  0.424149E+06  0.420916E+06  0.000000E+00  0.000000E+00  0.000000E+00  0.423650E+06
  0.283109E+00  0.410602E+06  0.407350E+06  0.000000E+00  0.000000E+00  0.000000E+00  0.410100E+06
  0.288828E+00  0.397598E+06  0.394350E+06  0.000000E+00  0.000000E+00  0.000000E+00  0.397097E+06
  0.294663E+00  0.385481E+06  0.382281E+06  0.000000E+00  0.000000E+00  0.000000E+00  0.384987E+06
  0.300616E+00  0.374365E+06  0.371265E+06  0.000000E+00  0.000000E+00  0.000000E+00  0.373886E+06
  0.306689E+00  0.364144E+06  0.361184E+06  0.000000E+00  0.000000E+00  0.000000E+00  0.363687E+06
  0.312884E+00  0.354569E+06  0.351767E+06  0.000000E+00  0.000000E+00  0.000000E+00  0.354137E+06
  0.319205E+00  0.345309E+06  0.342655E+06  0.000000E+00  0.000000E+00  0.000000E+00  0.344899E+06
  0.325653E+00  0.336015E+06  0.333480E+06  0.000000E+00  0.000000E+00  0.000000E+00  0.335624E+06
  0.332232E+00  0.326473E+06  0.324016E+06  0.000000E+00  0.000000E+00  0.000000E+00  0.326094E+06
  0.338944E+00  0.316701E+06  0.314288E+06  0.000000E+00  0.000000E+00  0.000000E+00  0.316329E+06
  0.345791E+00  0.306899E+06  0.304510E+06  0.000000E+00  0.000000E+00  0.000000E+00  0.306530E+06
  0.352776E+00  0.297323E+06  0.294961E+06  0.000000E+00  0.000000E+00  0.000000E+00  0.296959E+06
  0.359902E+00  0.288220E+06  0.285904E+06  0.000000E+00  0.000000E+00  0.000000E+00  0.287863E+06
  0.367173E+00  0.279711E+06  0.277465E+06  0.000000E+00  0.000000E+00  0.000000E+00  0.279364E+06
  0.374590E+00  0.271736E+06  0.269579E+06  0.000000E+00  0.000000E+00  0.000000E+00  0.271403E+06
  0.382158E+00  0.264120E+06  0.262056E+06  0.000000E+00  0.000000E+00  0.000000E+00  0.263801E+06
  0.389878E+00  0.256655E+06  0.254675E+06  0.000000E+00  0.000000E+00  0.000000E+00  0.256349E+06
  0.397754E+00  0.249184E+06  0.247268E+06  0.000000E+00  0.000000E+00  0.000000E+00  0.248888E+06
  0.405789E+00  0.241686E+06  0.239816E+06  0.000000E+00  0.000000E+00  0.000000E+00  0.241397E+06
  0.413987E+00  0.234264E+06  0.232431E+06  0.000000E+00  0.000000E+00  0.000000E+00  0.233981E+06
  0.422349E+00  0.227058E+06  0.225266E+06  0.000000E+00  0.000000E+00  0.000000E+00  0.226782E+06
  0.430882E+00  0.220179E+06  0.218436E+06  0.000000E+00  0.000000E+00  0.000000E+00  0.219910E+06
  0.439586E+00  0.213654E+06  0.211970E+06  0.000000E+00  0.000000E+00  0.000000E+00  0.213394E+06
  0.448466E+00  0.207396E+06  0.205774E+06  0.000000E+00  0.000000E+00  0.000000E+00  0.207146E+06
  0.457526E+00  0.201286E+06  0.199721E+06  0.000000E+00  0.000000E+00  0.000000E+00  0.201045E+06
  0.466768E+00  0.195259E+06  0.193742E+06  0.000000E+00  0.000000E+00  0.000000E+00  0.195025E+06
  0.476198E+00  0.189305E+06  0.187829E+06  0.000000E+00  0.000000E+00  0.000000E+00  0.189077E+06
  0.485818E+00  0.183488E+06  0.182049E+06  0.000000E+00  0.000000E+00  0.000000E+00  0.183266E+06
  0.495632E+00  0.177876E+06  0.176478E+06  0.000000E+00  0.000000E+00  0.000000E+00  0.177661E+06
  0.505644E+00  0.172487E+06  0.171133E+06  0.000000E+00  0.000000E+00  0.000000E+00  0.172278E+06
  0.515859E+00  0.167295E+06  0.165986E+06  0.000000E+00  0.000000E+00  0.000000E+00  0.167093E+06
  0.526280E+00  0.162239E+06  0.160973E+06  0.000000E+00  0.000000E+00  0.000000E+00  0.162043E+06
  0.536912E+00  0.157289E+06  0.156062E+06  0.000000E+00  0.000000E+00  0.000000E+00  0.157099E+06
  0.547758E+00  0.152447E+06  0.151255E+06  0.000000E+00  0.000000E+00  0.000000E+00  0.152263E+06
  0.558823E+00  0.147746E+06  0.146589E+06  0.000000E+00  0.000000E+00  0.000000E+00  0.147568E+06
  0.570112E+00  0.143206E+06  0.142084E+06  0.000000E+00  0.000000E+00  0.000000E+00  0.143033E+06
  0.581630E+00  0.138817E+06  0.137731E+06  0.000000E+00  0.000000E+00  0.000000E+00  0.138649E+06
  0.593379E+00  0.134555E+06  0.133504E+06  0.000000E+00  0.000000E+00  0.000000E+00  0.134393E+06
  0.605366E+00  0.130401E+06  0.129383E+06  0.000000E+00  0.000000E+00  0.000000E+00  0.130244E+06
  0.617595E+00  0.126358E+06  0.125370E+06  0.000000E+00  0.000000E+00  0.000000E+00  0.126206E+06
  0.630072E+00  0.122435E+06  0.121477E+06  0.000000E+00  0.000000E+00  0.000000E+00  0.122287E+06
  0.642800E+00  0.118637E+06  0.117710E+06  0.000000E+00  0.000000E+00  0.000000E+00  0.118494E+06
  0.655785E+00  0.114956E+06  0.114058E+06  0.000000E+00  0.000000E+00  0.000000E+00  0.114817E+06
  0.669033E+00  0.111379E+06  0.110509E+06  0.000000E+00  0.000000E+00  0.000000E+00  0.111245E+06
  0.682548E+00  0.107903E+06  0.107060E+06  0.000000E+00  0.000000E+00  0.000000E+00  0.107773E+06
  0.696337E+00  0.104529E+06  0.103712E+06  0.000000E+00  0.000000E+00  0.000000E+00  0.104403E+06
  0.710404E+00  0.101260E+06  0.100468E+06  0.000000E+00  0.000000E+00  0.000000E+00  0.101137E+06
  0.724755E+00  0.980881E+05  0.973216E+05  0.000000E+00  0.000000E+00  0.000000E+00  0.979699E+05
  0.739396E+00  0.950099E+05  0.942675E+05  0.000000E+00  0.000000E+00  0.000000E+00  0.948954E+05
  0.754332E+00  0.920234E+05  0.913043E+05  0.000000E+00  0.000000E+00  0.000000E+00  0.919124E+05
  0.769571E+00  0.891251E+05  0.884286E+05  0.000000E+00  0.000000E+00  0.000000E+00  0.890176E+05
  0.785117E+00  0.863154E+05  0.856409E+05  0.000000E+00  0.000000E+00  0.000000E+00  0.862113E+05
  0.800978E+00  0.835900E+05  0.829369E+05  0.000000E+00  0.000000E+00  0.000000E+00  0.834892E+05
  0.817158E+00  0.809454E+05  0.803129E+05  0.000000E+00  0.000000E+00  0.000000E+00  0.808477E+05
  0.833666E+00  0.783811E+05  0.777687E+05  0.000000E+00  0.000000E+00  0.000000E+00  0.782866E+05
  0.850508E+00  0.758950E+05  0.753020E+05  0.000000E+00  0.000000E+00  0.000000E+00  0.758034E+05
  0.867689E+00  0.734837E+05  0.729096E+05  0.000000E+00  0.000000E+00  0.000000E+00  0.733951E+05
  0.885218E+00  0.711455E+05  0.705896E+05  0.000000E+00  0.000000E+00  0.000000E+00  0.710597E+05
  0.903100E+00  0.688791E+05  0.683410E+05  0.000000E+00  0.000000E+00  0.000000E+00  0.687960E+05
  0.921344E+00  0.666819E+05  0.661609E+05  0.000000E+00  0.000000E+00  0.000000E+00  0.666015E+05
  0.939956E+00  0.645517E+05  0.640474E+05  0.000000E+00  0.000000E+00  0.000000E+00  0.644739E+05
  0.958945E+00  0.624866E+05  0.619985E+05  0.000000E+00  0.000000E+00  0.000000E+00  0.624113E+05
  0.978316E+00  0.604853E+05  0.600128E+05  0.000000E+00  0.000000E+00  0.000000E+00  0.604124E+05
  0.998080E+00  0.585455E+05  0.580882E+05  0.000000E+00  0.000000E+00  0.000000E+00  0.584749E+05
  0.101824E+01  0.566655E+05  0.562229E+05  0.000000E+00  0.000000E+00  0.000000E+00  0.565972E+05
  0.103881E+01  0.548432E+05  0.544148E+05  0.000000E+00  0.000000E+00  0.000000E+00  0.547770E+05
  0.105980E+01  0.530771E+05  0.526625E+05  0.000000E+00  0.000000E+00  0.000000E+00  0.530131E+05
  0.108121E+01  0.513654E+05  0.509642E+05  0.000000E+00  0.000000E+00  0.000000E+00  0.513035E+05
  0.110305E+01  0.497070E+05  0.493188E+05  0.000000E+00  0.000000E+00  0.000000E+00  0.496471E+05
  0.112533E+01  0.481000E+05  0.477243E+05  0.000000E+00  0.000000E+00  0.000000E+00  0.480420E+05
  0.114806E+01  0.465432E+05  0.461797E+05  0.000000E+00  0.000000E+00  0.000000E+00  0.464871E+05
  0.117126E+01  0.450349E+05  0.446832E+05  0.000000E+00  0.000000E+00  0.000000E+00  0.449806E+05
  0.119492E+01  0.435739E+05  0.432336E+05  0.000000E+00  0.000000E+00  0.000000E+00  0.435214E+05
  0.121906E+01  0.421586E+05  0.418294E+05  0.000000E+00  0.000000E+00  0.000000E+00  0.421078E+05
  0.124368E+01  0.407878E+05  0.404692E+05  0.000000E+00  0.000000E+00  0.000000E+00  0.407386E+05
  0.126881E+01  0.394599E+05  0.391517E+05  0.000000E+00  0.000000E+00  0.000000E+00  0.394123E+05
  0.129444E+01  0.381737E+05  0.378756E+05  0.000000E+00  0.000000E+00  0.000000E+00  0.381277E+05
  0.132059E+01  0.369280E+05  0.366396E+05  0.000000E+00  0.000000E+00  0.000000E+00  0.368835E+05
  0.134727E+01  0.357215E+05  0.354426E+05  0.000000E+00  0.000000E+00  0.000000E+00  0.356785E+05
  0.137448E+01  0.345530E+05  0.342832E+05  0.000000E+00  0.000000E+00  0.000000E+00  0.345114E+05
  0.140225E+01  0.334214E+05  0.331604E+05  0.000000E+00  0.000000E+00  0.000000E+00  0.333812E+05
  0.143058E+01  0.323258E+05  0.320733E+05  0.000000E+00  0.000000E+00  0.000000E+00  0.322868E+05
  0.145948E+01  0.312649E+05  0.310208E+05  0.000000E+00  0.000000E+00  0.000000E+00  0.312272E+05
  0.148896E+01  0.302379E+05  0.300018E+05  0.000000E+00  0.000000E+00  0.000000E+00  0.302014E+05
  0.151904E+01  0.292434E+05  0.290151E+05  0.000000E+00  0.000000E+00  0.000000E+00  0.292082E+05
  0.154973E+01  0.282806E+05  0.280598E+05  0.000000E+00  0.000000E+00  0.000000E+00  0.282465E+05
  0.158103E+01  0.273485E+05  0.271350E+05  0.000000E+00  0.000000E+00  0.000000E+00  0.273156E+05
  0.161297E+01  0.264464E+05  0.262399E+05  0.000000E+00  0.000000E+00  0.000000E+00  0.264145E+05
  0.164556E+01  0.255729E+05  0.253732E+05  0.000000E+00  0.000000E+00  0.000000E+00  0.255421E+05
  0.167880E+01  0.247276E+05  0.245345E+05  0.000000E+00  0.000000E+00  0.000000E+00  0.246978E+05
  0.171271E+01  0.239093E+05  0.237226E+05  0.000000E+00  0.000000E+00  0.000000E+00  0.238805E+05
  0.174731E+01  0.231173E+05  0.229368E+05  0.000000E+00  0.000000E+00  0.000000E+00  0.230894E+05
  0.178261E+01  0.223507E+05  0.221762E+05  0.000000E+00  0.000000E+00  0.000000E+00  0.223238E+05
  0.181862E+01  0.216088E+05  0.214401E+05  0.000000E+00  0.000000E+00  0.000000E+00  0.215828E+05
  0.185536E+01  0.208909E+05  0.207277E+05  0.000000E+00  0.000000E+00  0.000000E+00  0.208657E+05
  0.189284E+01  0.201962E+05  0.200385E+05  0.000000E+00  0.000000E+00  0.000000E+00  0.201718E+05
  0.193108E+01  0.195239E+05  0.193714E+05  0.000000E+00  0.000000E+00  0.000000E+00  0.195003E+05
  0.197009E+01  0.188735E+05  0.187261E+05  0.000000E+00  0.000000E+00  0.000000E+00  0.188507E+05
  0.200989E+01  0.182441E+05  0.181016E+05  0.000000E+00  0.000000E+00  0.000000E+00  0.182221E+05
  0.205049E+01  0.176351E+05  0.174974E+05  0.000000E+00  0.000000E+00  0.000000E+00  0.176139E+05
  0.209191E+01  0.170459E+05  0.169128E+05  0.000000E+00  0.000000E+00  0.000000E+00  0.170254E+05
  0.213417E+01  0.164759E+05  0.163473E+05  0.000000E+00  0.000000E+00  0.000000E+00  0.164560E+05
  0.217728E+01  0.159244E+05  0.158001E+05  0.000000E+00  0.000000E+00  0.000000E+00  0.159052E+05
  0.222127E+01  0.153909E+05  0.152708E+05  0.000000E+00  0.000000E+00  0.000000E+00  0.153724E+05
  0.226614E+01  0.148749E+05  0.147587E+05  0.000000E+00  0.000000E+00  0.000000E+00  0.148569E+05
  0.231192E+01  0.143757E+05  0.142634E+05  0.000000E+00  0.000000E+00  0.000000E+00  0.143584E+05
  0.235862E+01  0.138929E+05  0.137844E+05  0.000000E+00  0.000000E+00  0.000000E+00  0.138761E+05
  0.240627E+01  0.134259E+05  0.133210E+05  0.000000E+00  0.000000E+00  0.000000E+00  0.134097E+05
  0.245488E+01  0.129742E+05  0.128729E+05  0.000000E+00  0.000000E+00  0.000000E+00  0.129585E+05
  0.250447E+01  0.125373E+05  0.124394E+05  0.000000E+00  0.000000E+00  0.000000E+00  0.125221E+05
  0.255507E+01  0.121147E+05  0.120201E+05  0.000000E+00  0.000000E+00  0.000000E+00  0.121001E+05
  0.260668E+01  0.117061E+05  0.116147E+05  0.000000E+00  0.000000E+00  0.000000E+00  0.116920E+05
  0.265934E+01  0.113110E+05  0.112227E+05  0.000000E+00  0.000000E+00  0.000000E+00  0.112973E+05
  0.271306E+01  0.109289E+05  0.108435E+05  0.000000E+00  0.000000E+00  0.000000E+00  0.109157E+05
  0.276787E+01  0.105594E+05  0.104769E+05  0.000000E+00  0.000000E+00  0.000000E+00  0.105466E+05
  0.282379E+01  0.102021E+05  0.101224E+05  0.000000E+00  0.000000E+00  0.000000E+00  0.101898E+05
  0.288083E+01  0.985660E+04  0.977963E+04  0.000000E+00  0.000000E+00  0.000000E+00  0.984472E+04
  0.293903E+01  0.952255E+04  0.944819E+04  0.000000E+00  0.000000E+00  0.000000E+00  0.951107E+04
  0.299840E+01  0.919957E+04  0.912773E+04  0.000000E+00  0.000000E+00  0.000000E+00  0.918849E+04
  0.305897E+01  0.888731E+04  0.881791E+04  0.000000E+00  0.000000E+00  0.000000E+00  0.887660E+04
  0.312076E+01  0.858543E+04  0.851839E+04  0.000000E+00  0.000000E+00  0.000000E+00  0.857509E+04
  0.318381E+01  0.829360E+04  0.822883E+04  0.000000E+00  0.000000E+00  0.000000E+00  0.828361E+04
  0.324812E+01  0.801148E+04  0.794891E+04  0.000000E+00  0.000000E+00  0.000000E+00  0.800183E+04
  0.331374E+01  0.773874E+04  0.767830E+04  0.000000E+00  0.000000E+00  0.000000E+00  0.772941E+04
  0.338068E+01  0.747510E+04  0.741672E+04  0.000000E+00  0.000000E+00  0.000000E+00  0.746609E+04
  0.344898E+01  0.722024E+04  0.716385E+04  0.000000E+00  0.000000E+00  0.000000E+00  0.721154E+04
  0.351865E+01  0.697391E+04  0.691944E+04  0.000000E+00  0.000000E+00  0.000000E+00  0.696550E+04
  0.358973E+01  0.673580E+04  0.668319E+04  0.000000E+00  0.000000E+00  0.000000E+00  0.672768E+04
  0.366225E+01  0.650568E+04  0.645486E+04  0.000000E+00  0.000000E+00  0.000000E+00  0.649784E+04
  0.373623E+01  0.628326E+04  0.623418E+04  0.000000E+00  0.000000E+00  0.000000E+00  0.627568E+04
  0.381171E+01  0.606830E+04  0.602089E+04  0.000000E+00  0.000000E+00  0.000000E+00  0.606098E+04
  0.388871E+01  0.586054E+04  0.581476E+04  0.000000E+00  0.000000E+00  0.000000E+00  0.585347E+04
  0.396727E+01  0.565976E+04  0.561554E+04  0.000000E+00  0.000000E+00  0.000000E+00  0.565293E+04
  0.404741E+01  0.546572E+04  0.542302E+04  0.000000E+00  0.000000E+00  0.000000E+00  0.545913E+04
  0.412918E+01  0.527821E+04  0.523697E+04  0.000000E+00  0.000000E+00  0.000000E+00  0.527185E+04
  0.421259E+01  0.509703E+04  0.505720E+04  0.000000E+00  0.000000E+00  0.000000E+00  0.509088E+04
  0.429769E+01  0.492195E+04  0.488348E+04  0.000000E+00  0.000000E+00  0.000000E+00  0.491601E+04
  0.438451E+01  0.475277E+04  0.471563E+04  0.000000E+00  0.000000E+00  0.000000E+00  0.474704E+04
  0.447308E+01  0.458929E+04  0.455343E+04  0.000000E+00  0.000000E+00  0.000000E+00  0.458376E+04
  0.456345E+01  0.443135E+04  0.439671E+04  0.000000E+00  0.000000E+00  0.000000E+00  0.442600E+04
  0.465563E+01  0.427873E+04  0.424528E+04  0.000000E+00  0.000000E+00  0.000000E+00  0.427357E+04
  0.474968E+01  0.413129E+04  0.409899E+04  0.000000E+00  0.000000E+00  0.000000E+00  0.412630E+04
  0.484563E+01  0.398883E+04  0.395765E+04  0.000000E+00  0.000000E+00  0.000000E+00  0.398402E+04
  0.494352E+01  0.385121E+04  0.382110E+04  0.000000E+00  0.000000E+00  0.000000E+00  0.384656E+04
  0.504339E+01  0.371825E+04  0.368918E+04  0.000000E+00  0.000000E+00  0.000000E+00  0.371376E+04
  0.514527E+01  0.358980E+04  0.356173E+04  0.000000E+00  0.000000E+00  0.000000E+00  0.358547E+04
  0.524921E+01  0.346571E+04  0.343861E+04  0.000000E+00  0.000000E+00  0.000000E+00  0.346153E+04
  0.535525E+01  0.334584E+04  0.331968E+04  0.000000E+00  0.000000E+00  0.000000E+00  0.334181E+04
  0.546344E+01  0.323006E+04  0.320479E+04  0.000000E+00  0.000000E+00  0.000000E+00  0.322616E+04
  0.557380E+01  0.311821E+04  0.309382E+04  0.000000E+00  0.000000E+00  0.000000E+00  0.311445E+04
  0.568640E+01  0.301017E+04  0.298662E+04  0.000000E+00  0.000000E+00  0.000000E+00  0.300654E+04
  0.580127E+01  0.290582E+04  0.288308E+04  0.000000E+00  0.000000E+00  0.000000E+00  0.290231E+04
  0.591847E+01  0.280502E+04  0.278307E+04  0.000000E+00  0.000000E+00  0.000000E+00  0.280163E+04
  0.603803E+01  0.270767E+04  0.268648E+04  0.000000E+00  0.000000E+00  0.000000E+00  0.270440E+04
  0.616001E+01  0.261364E+04  0.259318E+04  0.000000E+00  0.000000E+00  0.000000E+00  0.261048E+04
  0.628445E+01  0.252283E+04  0.250308E+04  0.000000E+00  0.000000E+00  0.000000E+00  0.251978E+04
  0.641140E+01  0.243512E+04  0.241606E+04  0.000000E+00  0.000000E+00  0.000000E+00  0.243218E+04
  0.654092E+01  0.235041E+04  0.233201E+04  0.000000E+00  0.000000E+00  0.000000E+00  0.234757E+04
  0.667306E+01  0.226861E+04  0.225085E+04  0.000000E+00  0.000000E+00  0.000000E+00  0.226587E+04
  0.680786E+01  0.218962E+04  0.217247E+04  0.000000E+00  0.000000E+00  0.000000E+00  0.218697E+04
  0.694539E+01  0.211333E+04  0.209678E+04  0.000000E+00  0.000000E+00  0.000000E+00  0.211078E+04
  0.708570E+01  0.203966E+04  0.202368E+04  0.000000E+00  0.000000E+00  0.000000E+00  0.203720E+04
  0.722883E+01  0.196852E+04  0.195310E+04  0.000000E+00  0.000000E+00  0.000000E+00  0.196614E+04
  0.737487E+01  0.189983E+04  0.188494E+04  0.000000E+00  0.000000E+00  0.000000E+00  0.189753E+04
  0.752385E+01  0.183350E+04  0.181913E+04  0.000000E+00  0.000000E+00  0.000000E+00  0.183128E+04
  0.767584E+01  0.176945E+04  0.175558E+04  0.000000E+00  0.000000E+00  0.000000E+00  0.176731E+04
  0.783090E+01  0.170761E+04  0.169422E+04  0.000000E+00  0.000000E+00  0.000000E+00  0.170555E+04
  0.798910E+01  0.164790E+04  0.163497E+04  0.000000E+00  0.000000E+00  0.000000E+00  0.164590E+04
  0.815049E+01  0.159025E+04  0.157777E+04  0.000000E+00  0.000000E+00  0.000000E+00  0.158832E+04
  0.831514E+01  0.153459E+04  0.152254E+04  0.000000E+00  0.000000E+00  0.000000E+00  0.153273E+04
  0.848312E+01  0.148085E+04  0.146922E+04  0.000000E+00  0.000000E+00  0.000000E+00  0.147905E+04
  0.865449E+01  0.142896E+04  0.141774E+04  0.000000E+00  0.000000E+00  0.000000E+00  0.142723E+04
  0.882932E+01  0.137887E+04  0.136804E+04  0.000000E+00  0.000000E+00  0.000000E+00  0.137720E+04
  0.900769E+01  0.133051E+04  0.132006E+04  0.000000E+00  0.000000E+00  0.000000E+00  0.132890E+04
  0.918965E+01  0.128383E+04  0.127374E+04  0.000000E+00  0.000000E+00  0.000000E+00  0.128227E+04
  0.937530E+01  0.123876E+04  0.122902E+04  0.000000E+00  0.000000E+00  0.000000E+00  0.123726E+04
  0.956468E+01  0.119525E+04  0.118586E+04  0.000000E+00  0.000000E+00  0.000000E+00  0.119380E+04
  0.975791E+01  0.115325E+04  0.114418E+04  0.000000E+00  0.000000E+00  0.000000E+00  0.115185E+04
  0.995503E+01  0.111271E+04  0.110396E+04  0.000000E+00  0.000000E+00  0.000000E+00  0.111136E+04
  0.101561E+02  0.107358E+04  0.106513E+04  0.000000E+00  0.000000E+00  0.000000E+00  0.107228E+04
  0.103613E+02  0.103580E+04  0.102765E+04  0.000000E+00  0.000000E+00  0.000000E+00  0.103455E+04
  0.105706E+02  0.999341E+03  0.991469E+03  0.000000E+00  0.000000E+00  0.000000E+00  0.998126E+03
  0.107842E+02  0.964145E+03  0.956547E+03  0.000000E+00  0.000000E+00  0.000000E+00  0.962972E+03
  0.110020E+02  0.930176E+03  0.922843E+03  0.000000E+00  0.000000E+00  0.000000E+00  0.929044E+03
  0.112243E+02  0.897386E+03  0.890309E+03  0.000000E+00  0.000000E+00  0.000000E+00  0.896294E+03
  0.114510E+02  0.865740E+03  0.858909E+03  0.000000E+00  0.000000E+00  0.000000E+00  0.864686E+03
  0.116823E+02  0.835195E+03  0.828602E+03  0.000000E+00  0.000000E+00  0.000000E+00  0.834178E+03
  0.119183E+02  0.805717E+03  0.799354E+03  0.000000E+00  0.000000E+00  0.000000E+00  0.804735E+03
  0.121591E+02  0.777266E+03  0.771124E+03  0.000000E+00  0.000000E+00  0.000000E+00  0.776318E+03
  0.124047E+02  0.749807E+03  0.743879E+03  0.000000E+00  0.000000E+00  0.000000E+00  0.748893E+03
  0.126553E+02  0.723308E+03  0.717586E+03  0.000000E+00  0.000000E+00  0.000000E+00  0.722425E+03
  0.129110E+02  0.697735E+03  0.692212E+03  0.000000E+00  0.000000E+00  0.000000E+00  0.696883E+03
  0.131718E+02  0.673054E+03  0.667724E+03  0.000000E+00  0.000000E+00  0.000000E+00  0.672231E+03
  0.134379E+02  0.649238E+03  0.644093E+03  0.000000E+00  0.000000E+00  0.000000E+00  0.648444E+03
  0.137094E+02  0.626253E+03  0.621287E+03  0.000000E+00  0.000000E+00  0.000000E+00  0.625487E+03
  0.139863E+02  0.604075E+03  0.599282E+03  0.000000E+00  0.000000E+00  0.000000E+00  0.603335E+03
  0.142688E+02  0.582672E+03  0.578045E+03  0.000000E+00  0.000000E+00  0.000000E+00  0.581958E+03
  0.145571E+02  0.562020E+03  0.557554E+03  0.000000E+00  0.000000E+00  0.000000E+00  0.561331E+03
  0.148512E+02  0.542091E+03  0.537780E+03  0.000000E+00  0.000000E+00  0.000000E+00  0.541426E+03
  0.151512E+02  0.522862E+03  0.518701E+03  0.000000E+00  0.000000E+00  0.000000E+00  0.522220E+03
  0.154572E+02  0.504306E+03  0.500289E+03  0.000000E+00  0.000000E+00  0.000000E+00  0.503686E+03
  0.157695E+02  0.486404E+03  0.482526E+03  0.000000E+00  0.000000E+00  0.000000E+00  0.485805E+03
  0.160881E+02  0.469128E+03  0.465385E+03  0.000000E+00  0.000000E+00  0.000000E+00  0.468551E+03
  0.164131E+02  0.452461E+03  0.448847E+03  0.000000E+00  0.000000E+00  0.000000E+00  0.451903E+03
  0.167446E+02  0.436379E+03  0.432890E+03  0.000000E+00  0.000000E+00  0.000000E+00  0.435840E+03
  0.170829E+02  0.420863E+03  0.417495E+03  0.000000E+00  0.000000E+00  0.000000E+00  0.420343E+03
  0.174280E+02  0.405893E+03  0.402641E+03  0.000000E+00  0.000000E+00  0.000000E+00  0.405391E+03
  0.177801E+02  0.391449E+03  0.388310E+03  0.000000E+00  0.000000E+00  0.000000E+00  0.390965E+03
  0.181392E+02  0.377515E+03  0.374484E+03  0.000000E+00  0.000000E+00  0.000000E+00  0.377047E+03
  0.185057E+02  0.364071E+03  0.361145E+03  0.000000E+00  0.000000E+00  0.000000E+00  0.363620E+03
  0.188795E+02  0.351102E+03  0.348276E+03  0.000000E+00  0.000000E+00  0.000000E+00  0.350666E+03
  0.192609E+02  0.338589E+03  0.335861E+03  0.000000E+00  0.000000E+00  0.000000E+00  0.338168E+03
  0.196500E+02  0.326519E+03  0.323884E+03  0.000000E+00  0.000000E+00  0.000000E+00  0.326112E+03
  0.200470E+02  0.314874E+03  0.312330E+03  0.000000E+00  0.000000E+00  0.000000E+00  0.314481E+03
  0.204519E+02  0.303640E+03  0.301184E+03  0.000000E+00  0.000000E+00  0.000000E+00  0.303261E+03
  0.208651E+02  0.292803E+03  0.290431E+03  0.000000E+00  0.000000E+00  0.000000E+00  0.292437E+03
  0.212866E+02  0.282350E+03  0.280059E+03  0.000000E+00  0.000000E+00  0.000000E+00  0.281996E+03
  0.217166E+02  0.272265E+03  0.270052E+03  0.000000E+00  0.000000E+00  0.000000E+00  0.271924E+03
  0.221553E+02  0.262538E+03  0.260401E+03  0.000000E+00  0.000000E+00  0.000000E+00  0.262208E+03
  0.226029E+02  0.253155E+03  0.251090E+03  0.000000E+00  0.000000E+00  0.000000E+00  0.252836E+03
  0.230595E+02  0.244104E+03  0.242110E+03  0.000000E+00  0.000000E+00  0.000000E+00  0.243796E+03
  0.235253E+02  0.235373E+03  0.233446E+03  0.000000E+00  0.000000E+00  0.000000E+00  0.235076E+03
  0.240006E+02  0.226952E+03  0.225091E+03  0.000000E+00  0.000000E+00  0.000000E+00  0.226665E+03
  0.244854E+02  0.218829E+03  0.217031E+03  0.000000E+00  0.000000E+00  0.000000E+00  0.218551E+03
  0.249801E+02  0.210994E+03  0.209257E+03  0.000000E+00  0.000000E+00  0.000000E+00  0.210726E+03
  0.254847E+02  0.203437E+03  0.201759E+03  0.000000E+00  0.000000E+00  0.000000E+00  0.203178E+03
  0.259995E+02  0.196149E+03  0.194527E+03  0.000000E+00  0.000000E+00  0.000000E+00  0.195898E+03
  0.265247E+02  0.189119E+03  0.187551E+03  0.000000E+00  0.000000E+00  0.000000E+00  0.188877E+03
  0.270606E+02  0.182338E+03  0.180823E+03  0.000000E+00  0.000000E+00  0.000000E+00  0.182105E+03
  0.276072E+02  0.175799E+03  0.174334E+03  0.000000E+00  0.000000E+00  0.000000E+00  0.175573E+03
  0.281649E+02  0.169492E+03  0.168076E+03  0.000000E+00  0.000000E+00  0.000000E+00  0.169273E+03
  0.287339E+02  0.163409E+03  0.162040E+03  0.000000E+00  0.000000E+00  0.000000E+00  0.163198E+03
  0.293144E+02  0.157543E+03  0.156219E+03  0.000000E+00  0.000000E+00  0.000000E+00  0.157338E+03
  0.299066E+02  0.151885E+03  0.150605E+03  0.000000E+00  0.000000E+00  0.000000E+00  0.151687E+03
  0.305107E+02  0.146428E+03  0.145191E+03  0.000000E+00  0.000000E+00  0.000000E+00  0.146237E+03
  0.311271E+02  0.141166E+03  0.139970E+03  0.000000E+00  0.000000E+00  0.000000E+00  0.140982E+03
  0.317559E+02  0.136091E+03  0.134934E+03  0.000000E+00  0.000000E+00  0.000000E+00  0.135913E+03
  0.323974E+02  0.131198E+03  0.130078E+03  0.000000E+00  0.000000E+00  0.000000E+00  0.131025E+03
  0.330519E+02  0.126478E+03  0.125395E+03  0.000000E+00  0.000000E+00  0.000000E+00  0.126311E+03
  0.337196E+02  0.121927E+03  0.120879E+03  0.000000E+00  0.000000E+00  0.000000E+00  0.121765E+03
  0.344007E+02  0.117538E+03  0.116524E+03  0.000000E+00  0.000000E+00  0.000000E+00  0.117382E+03
  0.350957E+02  0.113306E+03  0.112325E+03  0.000000E+00  0.000000E+00  0.000000E+00  0.113155E+03
  0.358047E+02  0.109225E+03  0.108275E+03  0.000000E+00  0.000000E+00  0.000000E+00  0.109078E+03
  0.365280E+02  0.105290E+03  0.104370E+03  0.000000E+00  0.000000E+00  0.000000E+00  0.105148E+03
  0.372659E+02  0.101495E+03  0.100605E+03  0.000000E+00  0.000000E+00  0.000000E+00  0.101357E+03
  0.380187E+02  0.978354E+02  0.969737E+02  0.000000E+00  0.000000E+00  0.000000E+00  0.977024E+02
  0.387867E+02  0.943069E+02  0.934723E+02  0.000000E+00  0.000000E+00  0.000000E+00  0.941781E+02
  0.395703E+02  0.909046E+02  0.900963E+02  0.000000E+00  0.000000E+00  0.000000E+00  0.907799E+02
  0.403696E+02  0.876239E+02  0.868409E+02  0.000000E+00  0.000000E+00  0.000000E+00  0.875031E+02
  0.411851E+02  0.844608E+02  0.837021E+02  0.000000E+00  0.000000E+00  0.000000E+00  0.843437E+02
  0.420172E+02  0.814107E+02  0.806754E+02  0.000000E+00  0.000000E+00  0.000000E+00  0.812972E+02
  0.428659E+02  0.784699E+02  0.777573E+02  0.000000E+00  0.000000E+00  0.000000E+00  0.783599E+02
  0.437319E+02  0.756343E+02  0.749435E+02  0.000000E+00  0.000000E+00  0.000000E+00  0.755277E+02
  0.446153E+02  0.729005E+02  0.722307E+02  0.000000E+00  0.000000E+00  0.000000E+00  0.727971E+02
  0.455166E+02  0.702645E+02  0.696149E+02  0.000000E+00  0.000000E+00  0.000000E+00  0.701642E+02
  0.464361E+02  0.677231E+02  0.670930E+02  0.000000E+00  0.000000E+00  0.000000E+00  0.676258E+02
  0.473742E+02  0.652727E+02  0.646614E+02  0.000000E+00  0.000000E+00  0.000000E+00  0.651784E+02
  0.483312E+02  0.629103E+02  0.623172E+02  0.000000E+00  0.000000E+00  0.000000E+00  0.628188E+02
  0.493076E+02  0.606326E+02  0.600569E+02  0.000000E+00  0.000000E+00  0.000000E+00  0.605438E+02
  0.503037E+02  0.584366E+02  0.578777E+02  0.000000E+00  0.000000E+00  0.000000E+00  0.583504E+02
  0.513199E+02  0.563196E+02  0.557769E+02  0.000000E+00  0.000000E+00  0.000000E+00  0.562359E+02
  0.523566E+02  0.542786E+02  0.537515E+02  0.000000E+00  0.000000E+00  0.000000E+00  0.541972E+02
  0.534143E+02  0.523109E+02  0.517988E+02  0.000000E+00  0.000000E+00  0.000000E+00  0.522319E+02
  0.544933E+02  0.504139E+02  0.499163E+02  0.000000E+00  0.000000E+00  0.000000E+00  0.503371E+02
  0.555941E+02  0.485851E+02  0.481015E+02  0.000000E+00  0.000000E+00  0.000000E+00  0.485105E+02
  0.567172E+02  0.468220E+02  0.463519E+02  0.000000E+00  0.000000E+00  0.000000E+00  0.467495E+02
  0.578630E+02  0.451224E+02  0.446652E+02  0.000000E+00  0.000000E+00  0.000000E+00  0.450519E+02
  0.590319E+02  0.434839E+02  0.430392E+02  0.000000E+00  0.000000E+00  0.000000E+00  0.434153E+02
  0.602244E+02  0.419044E+02  0.414717E+02  0.000000E+00  0.000000E+00  0.000000E+00  0.418377E+02
  0.614410E+02  0.403818E+02  0.399606E+02  0.000000E+00  0.000000E+00  0.000000E+00  0.403168E+02
  0.626822E+02  0.389140E+02  0.385040E+02  0.000000E+00  0.000000E+00  0.000000E+00  0.388507E+02
  0.639485E+02  0.374990E+02  0.370997E+02  0.000000E+00  0.000000E+00  0.000000E+00  0.374374E+02
  0.652403E+02  0.361351E+02  0.357461E+02  0.000000E+00  0.000000E+00  0.000000E+00  0.360750E+02
  0.665583E+02  0.348202E+02  0.344413E+02  0.000000E+00  0.000000E+00  0.000000E+00  0.347617E+02
  0.679028E+02  0.335528E+02  0.331835E+02  0.000000E+00  0.000000E+00  0.000000E+00  0.334958E+02
  0.692746E+02  0.323311E+02  0.319710E+02  0.000000E+00  0.000000E+00  0.000000E+00  0.322755E+02
  0.706740E+02  0.311535E+02  0.308023E+02  0.000000E+00  0.000000E+00  0.000000E+00  0.310993E+02
  0.721017E+02  0.300183E+02  0.296756E+02  0.000000E+00  0.000000E+00  0.000000E+00  0.299654E+02
  0.735582E+02  0.289241E+02  0.285897E+02  0.000000E+00  0.000000E+00  0.000000E+00  0.288725E+02
  0.750443E+02  0.278694E+02  0.275430E+02  0.000000E+00  0.000000E+00  0.000000E+00  0.278190E+02
  0.765602E+02  0.268529E+02  0.265340E+02  0.000000E+00  0.000000E+00  0.000000E+00  0.268037E+02
  0.781069E+02  0.258729E+02  0.255615E+02  0.000000E+00  0.000000E+00  0.000000E+00  0.258249E+02
  0.796847E+02  0.249285E+02  0.246241E+02  0.000000E+00  0.000000E+00  0.000000E+00  0.248815E+02
  0.812945E+02  0.240181E+02  0.237206E+02  0.000000E+00  0.000000E+00  0.000000E+00  0.239722E+02
  0.829368E+02  0.231407E+02  0.228497E+02  0.000000E+00  0.000000E+00  0.000000E+00  0.230958E+02
  0.846122E+02  0.222950E+02  0.220103E+02  0.000000E+00  0.000000E+00  0.000000E+00  0.222510E+02
  0.863215E+02  0.214798E+02  0.212013E+02  0.000000E+00  0.000000E+00  0.000000E+00  0.214368E+02
  0.880652E+02  0.206942E+02  0.204215E+02  0.000000E+00  0.000000E+00  0.000000E+00  0.206521E+02
  0.898443E+02  0.199369E+02  0.196699E+02  0.000000E+00  0.000000E+00  0.000000E+00  0.198957E+02
  0.916592E+02  0.192072E+02  0.189456E+02  0.000000E+00  0.000000E+00  0.000000E+00  0.191668E+02
  0.935109E+02  0.185037E+02  0.182474E+02  0.000000E+00  0.000000E+00  0.000000E+00  0.184642E+02
  0.954000E+02  0.178258E+02  0.175745E+02  0.000000E+00  0.000000E+00  0.000000E+00  0.177870E+02
  0.973271E+02  0.171725E+02  0.169261E+02  0.000000E+00  0.000000E+00  0.000000E+00  0.171345E+02
  0.992933E+02  0.165428E+02  0.163010E+02  0.000000E+00  0.000000E+00  0.000000E+00  0.165055E+02
  0.101299E+03  0.159359E+02  0.156986E+02  0.000000E+00  0.000000E+00  0.000000E+00  0.158993E+02
  0.103346E+03  0.153510E+02  0.151181E+02  0.000000E+00  0.000000E+00  0.000000E+00  0.153151E+02
  0.105433E+03  0.147874E+02  0.145586E+02  0.000000E+00  0.000000E+00  0.000000E+00  0.147521E+02
  0.107563E+03  0.142442E+02  0.140194E+02  0.000000E+00  0.000000E+00  0.000000E+00  0.142095E+02
  0.109736E+03  0.137206E+02  0.134997E+02  0.000000E+00  0.000000E+00  0.000000E+00  0.136865E+02
  0.111953E+03  0.132161E+02  0.129989E+02  0.000000E+00  0.000000E+00  0.000000E+00  0.131826E+02
  0.114214E+03  0.127299E+02  0.125163E+02  0.000000E+00  0.000000E+00  0.000000E+00  0.126969E+02
  0.116522E+03  0.122613E+02  0.120512E+02  0.000000E+00  0.000000E+00  0.000000E+00  0.122289E+02
  0.118876E+03  0.118098E+02  0.116029E+02  0.000000E+00  0.000000E+00  0.000000E+00  0.117779E+02
  0.121277E+03  0.113746E+02  0.111710E+02  0.000000E+00  0.000000E+00  0.000000E+00  0.113432E+02
  0.123727E+03  0.109553E+02  0.107548E+02  0.000000E+00  0.000000E+00  0.000000E+00  0.109243E+02
  0.126226E+03  0.105512E+02  0.103536E+02  0.000000E+00  0.000000E+00  0.000000E+00  0.105207E+02
  0.128776E+03  0.101618E+02  0.996705E+01  0.000000E+00  0.000000E+00  0.000000E+00  0.101317E+02
  0.131378E+03  0.978649E+01  0.959454E+01  0.000000E+00  0.000000E+00  0.000000E+00  0.975687E+01
  0.134032E+03  0.942490E+01  0.923561E+01  0.000000E+00  0.000000E+00  0.000000E+00  0.939569E+01
  0.136739E+03  0.907644E+01  0.888971E+01  0.000000E+00  0.000000E+00  0.000000E+00  0.904762E+01
  0.139502E+03  0.874065E+01  0.855639E+01  0.000000E+00  0.000000E+00  0.000000E+00  0.871221E+01
  0.142320E+03  0.841708E+01  0.823520E+01  0.000000E+00  0.000000E+00  0.000000E+00  0.838901E+01
  0.145195E+03  0.810529E+01  0.792571E+01  0.000000E+00  0.000000E+00  0.000000E+00  0.807757E+01
  0.148128E+03  0.780487E+01  0.762752E+01  0.000000E+00  0.000000E+00  0.000000E+00  0.777750E+01
  0.151121E+03  0.751538E+01  0.734017E+01  0.000000E+00  0.000000E+00  0.000000E+00  0.748834E+01
  0.154173E+03  0.723643E+01  0.706329E+01  0.000000E+00  0.000000E+00  0.000000E+00  0.720971E+01
  0.157288E+03  0.696764E+01  0.679650E+01  0.000000E+00  0.000000E+00  0.000000E+00  0.694123E+01
  0.160465E+03  0.670868E+01  0.653947E+01  0.000000E+00  0.000000E+00  0.000000E+00  0.668256E+01
  0.163707E+03  0.645913E+01  0.629179E+01  0.000000E+00  0.000000E+00  0.000000E+00  0.643331E+01
  0.167014E+03  0.621869E+01  0.605316E+01  0.000000E+00  0.000000E+00  0.000000E+00  0.619314E+01
  0.170388E+03  0.598701E+01  0.582323E+01  0.000000E+00  0.000000E+00  0.000000E+00  0.596174E+01
  0.173830E+03  0.576381E+01  0.560173E+01  0.000000E+00  0.000000E+00  0.000000E+00  0.573880E+01
  0.177342E+03  0.554874E+01  0.538830E+01  0.000000E+00  0.000000E+00  0.000000E+00  0.552398E+01
  0.180924E+03  0.534152E+01  0.518267E+01  0.000000E+00  0.000000E+00  0.000000E+00  0.531701E+01
  0.184579E+03  0.514187E+01  0.498457E+01  0.000000E+00  0.000000E+00  0.000000E+00  0.511760E+01
  0.188308E+03  0.494953E+01  0.479373E+01  0.000000E+00  0.000000E+00  0.000000E+00  0.492549E+01
  0.192112E+03  0.476421E+01  0.460987E+01  0.000000E+00  0.000000E+00  0.000000E+00  0.474039E+01
  0.195993E+03  0.458566E+01  0.443274E+01  0.000000E+00  0.000000E+00  0.000000E+00  0.456206E+01
  0.199952E+03  0.441364E+01  0.426210E+01  0.000000E+00  0.000000E+00  0.000000E+00  0.439025E+01
  0.203991E+03  0.424793E+01  0.409774E+01  0.000000E+00  0.000000E+00  0.000000E+00  0.422475E+01
  0.208112E+03  0.408827E+01  0.393940E+01  0.000000E+00  0.000000E+00  0.000000E+00  0.406529E+01
  0.212316E+03  0.393445E+01  0.378687E+01  0.000000E+00  0.000000E+00  0.000000E+00  0.391168E+01
  0.216606E+03  0.378627E+01  0.363995E+01  0.000000E+00  0.000000E+00  0.000000E+00  0.376369E+01
  0.220981E+03  0.364354E+01  0.349844E+01  0.000000E+00  0.000000E+00  0.000000E+00  0.362114E+01
  0.225445E+03  0.350602E+01  0.336213E+01  0.000000E+00  0.000000E+00  0.000000E+00  0.348381E+01
  0.230000E+03  0.337355E+01  0.323085E+01  0.000000E+00  0.000000E+00  0.000000E+00  0.335152E+01
  0.234646E+03  0.324594E+01  0.310440E+01  0.000000E+00  0.000000E+00  0.000000E+00  0.322409E+01
  0.239386E+03  0.312301E+01  0.298263E+01  0.000000E+00  0.000000E+00  0.000000E+00  0.310134E+01
  0.244222E+03  0.300461E+01  0.286536E+01  0.000000E+00  0.000000E+00  0.000000E+00  0.298312E+01
  0.249156E+03  0.289055E+01  0.275242E+01  0.000000E+00  0.000000E+00  0.000000E+00  0.286923E+01
  0.254189E+03  0.278069E+01  0.264366E+01  0.000000E+00  0.000000E+00  0.000000E+00  0.275954E+01
  0.259324E+03  0.267487E+01  0.253893E+01  0.000000E+00  0.000000E+00  0.000000E+00  0.265389E+01
  0.264562E+03  0.257295E+01  0.243810E+01  0.000000E+00  0.000000E+00  0.000000E+00  0.255214E+01
  0.269907E+03  0.247478E+01  0.234101E+01  0.000000E+00  0.000000E+00  0.000000E+00  0.245414E+01
  0.275360E+03  0.238023E+01  0.224753E+01  0.000000E+00  0.000000E+00  0.000000E+00  0.235975E+01
  0.280922E+03  0.228917E+01  0.215753E+01  0.000000E+00  0.000000E+00  0.000000E+00  0.226886E+01
  0.286597E+03  0.220148E+01  0.207091E+01  0.000000E+00  0.000000E+00  0.000000E+00  0.218133E+01
  0.292387E+03  0.211703E+01  0.198751E+01  0.000000E+00  0.000000E+00  0.000000E+00  0.209704E+01
  0.298294E+03  0.203570E+01  0.190724E+01  0.000000E+00  0.000000E+00  0.000000E+00  0.201587E+01
  0.304320E+03  0.195737E+01  0.182998E+01  0.000000E+00  0.000000E+00  0.000000E+00  0.193771E+01
  0.310467E+03  0.188196E+01  0.175563E+01  0.000000E+00  0.000000E+00  0.000000E+00  0.186247E+01
  0.316739E+03  0.180934E+01  0.168408E+01  0.000000E+00  0.000000E+00  0.000000E+00  0.179001E+01
  0.323138E+03  0.173942E+01  0.161523E+01  0.000000E+00  0.000000E+00  0.000000E+00  0.172025E+01
  0.329665E+03  0.167209E+01  0.154899E+01  0.000000E+00  0.000000E+00  0.000000E+00  0.165310E+01
  0.336325E+03  0.160728E+01  0.148526E+01  0.000000E+00  0.000000E+00  0.000000E+00  0.158845E+01
  0.343119E+03  0.154488E+01  0.142395E+01  0.000000E+00  0.000000E+00  0.000000E+00  0.152622E+01
  0.350051E+03  0.148481E+01  0.136498E+01  0.000000E+00  0.000000E+00  0.000000E+00  0.146631E+01
  0.357122E+03  0.142698E+01  0.130827E+01  0.000000E+00  0.000000E+00  0.000000E+00  0.140866E+01
  0.364336E+03  0.137132E+01  0.125373E+01  0.000000E+00  0.000000E+00  0.000000E+00  0.135317E+01
  0.371696E+03  0.131774E+01  0.120129E+01  0.000000E+00  0.000000E+00  0.000000E+00  0.129977E+01
  0.379205E+03  0.126617E+01  0.115087E+01  0.000000E+00  0.000000E+00  0.000000E+00  0.124837E+01
  0.386866E+03  0.121654E+01  0.110240E+01  0.000000E+00  0.000000E+00  0.000000E+00  0.119892E+01
  0.394681E+03  0.116878E+01  0.105582E+01  0.000000E+00  0.000000E+00  0.000000E+00  0.115135E+01
  0.402654E+03  0.112282E+01  0.101106E+01  0.000000E+00  0.000000E+00  0.000000E+00  0.110558E+01
  0.410788E+03  0.107860E+01  0.968043E+00  0.000000E+00  0.000000E+00  0.000000E+00  0.106154E+01
  0.419087E+03  0.103606E+01  0.926717E+00  0.000000E+00  0.000000E+00  0.000000E+00  0.101918E+01
  0.427553E+03  0.995126E+00  0.887022E+00  0.000000E+00  0.000000E+00  0.000000E+00  0.978442E+00
  0.436190E+03  0.955754E+00  0.848901E+00  0.000000E+00  0.000000E+00  0.000000E+00  0.939264E+00
  0.445002E+03  0.917880E+00  0.812294E+00  0.000000E+00  0.000000E+00  0.000000E+00  0.901585E+00
  0.453991E+03  0.881452E+00  0.777148E+00  0.000000E+00  0.000000E+00  0.000000E+00  0.865355E+00
  0.463163E+03  0.846420E+00  0.743412E+00  0.000000E+00  0.000000E+00  0.000000E+00  0.830523E+00
  0.472519E+03  0.812735E+00  0.711039E+00  0.000000E+00  0.000000E+00  0.000000E+00  0.797040E+00
  0.482064E+03  0.780343E+00  0.679974E+00  0.000000E+00  0.000000E+00  0.000000E+00  0.764853E+00
  0.491803E+03  0.749201E+00  0.650172E+00  0.000000E+00  0.000000E+00  0.000000E+00  0.733918E+00
  0.501738E+03  0.719264E+00  0.621588E+00  0.000000E+00  0.000000E+00  0.000000E+00  0.704189E+00
