#           k/h    P           
    0.10736E-04    0.31895E+01
    0.10953E-04    0.32515E+01
    0.11174E-04    0.33147E+01
    0.11400E-04    0.33791E+01
    0.11630E-04    0.34448E+01
    0.11865E-04    0.35117E+01
    0.12105E-04    0.35800E+01
    0.12349E-04    0.36496E+01
    0.12599E-04    0.37205E+01
    0.12853E-04    0.37928E+01
    0.13113E-04    0.38665E+01
    0.13378E-04    0.39416E+01
    0.13648E-04    0.40182E+01
    0.13924E-04    0.40963E+01
    0.14205E-04    0.41759E+01
    0.14492E-04    0.42571E+01
    0.14785E-04    0.43398E+01
    0.15083E-04    0.44242E+01
    0.15388E-04    0.45102E+01
    0.15699E-04    0.45978E+01
    0.16016E-04    0.46872E+01
    0.16340E-04    0.47783E+01
    0.16670E-04    0.48711E+01
    0.17006E-04    0.49658E+01
    0.17350E-04    0.50623E+01
    0.17700E-04    0.51607E+01
    0.18058E-04    0.52610E+01
    0.18423E-04    0.53632E+01
    0.18795E-04    0.54674E+01
    0.19175E-04    0.55737E+01
    0.19562E-04    0.56820E+01
    0.19957E-04    0.57924E+01
    0.20360E-04    0.59050E+01
    0.20772E-04    0.60198E+01
    0.21191E-04    0.61368E+01
    0.21619E-04    0.62560E+01
    0.22056E-04    0.63776E+01
    0.22502E-04    0.65015E+01
    0.22956E-04    0.66279E+01
    0.23420E-04    0.67567E+01
    0.23893E-04    0.68880E+01
    0.24376E-04    0.70219E+01
    0.24868E-04    0.71583E+01
    0.25371E-04    0.72974E+01
    0.25883E-04    0.74393E+01
    0.26406E-04    0.75838E+01
    0.26939E-04    0.77312E+01
    0.27484E-04    0.78815E+01
    0.28039E-04    0.80346E+01
    0.28605E-04    0.81908E+01
    0.29183E-04    0.83500E+01
    0.29773E-04    0.85122E+01
    0.30374E-04    0.86777E+01
    0.30988E-04    0.88463E+01
    0.31614E-04    0.90182E+01
    0.32252E-04    0.91935E+01
    0.32904E-04    0.93721E+01
    0.33569E-04    0.95543E+01
    0.34247E-04    0.97399E+01
    0.34938E-04    0.99292E+01
    0.35644E-04    0.10122E+02
    0.36364E-04    0.10319E+02
    0.37099E-04    0.10519E+02
    0.37848E-04    0.10724E+02
    0.38613E-04    0.10932E+02
    0.39393E-04    0.11145E+02
    0.40189E-04    0.11361E+02
    0.41001E-04    0.11582E+02
    0.41829E-04    0.11807E+02
    0.42674E-04    0.12037E+02
    0.43536E-04    0.12271E+02
    0.44416E-04    0.12509E+02
    0.45313E-04    0.12752E+02
    0.46228E-04    0.13000E+02
    0.47162E-04    0.13252E+02
    0.48115E-04    0.13510E+02
    0.49087E-04    0.13773E+02
    0.50078E-04    0.14040E+02
    0.51090E-04    0.14313E+02
    0.52122E-04    0.14591E+02
    0.53175E-04    0.14875E+02
    0.54249E-04    0.15164E+02
    0.55345E-04    0.15458E+02
    0.56463E-04    0.15759E+02
    0.57604E-04    0.16065E+02
    0.58767E-04    0.16377E+02
    0.59955E-04    0.16695E+02
    0.61166E-04    0.17020E+02
    0.62401E-04    0.17351E+02
    0.63662E-04    0.17688E+02
    0.64948E-04    0.18031E+02
    0.66260E-04    0.18382E+02
    0.67599E-04    0.18739E+02
    0.68964E-04    0.19103E+02
    0.70357E-04    0.19474E+02
    0.71779E-04    0.19853E+02
    0.73229E-04    0.20238E+02
    0.74708E-04    0.20632E+02
    0.76217E-04    0.21033E+02
    0.77757E-04    0.21441E+02
    0.79328E-04    0.21858E+02
    0.80930E-04    0.22283E+02
    0.82565E-04    0.22716E+02
    0.84233E-04    0.23157E+02
    0.85935E-04    0.23607E+02
    0.87671E-04    0.24065E+02
    0.89442E-04    0.24533E+02
    0.91249E-04    0.25010E+02
    0.93092E-04    0.25496E+02
    0.94973E-04    0.25991E+02
    0.96891E-04    0.26496E+02
    0.98849E-04    0.27011E+02
    0.10085E-03    0.27535E+02
    0.10288E-03    0.28070E+02
    0.10496E-03    0.28616E+02
    0.10708E-03    0.29171E+02
    0.10924E-03    0.29738E+02
    0.11145E-03    0.30316E+02
    0.11370E-03    0.30905E+02
    0.11600E-03    0.31505E+02
    0.11834E-03    0.32117E+02
    0.12073E-03    0.32741E+02
    0.12317E-03    0.33377E+02
    0.12566E-03    0.34025E+02
    0.12820E-03    0.34686E+02
    0.13079E-03    0.35360E+02
    0.13343E-03    0.36046E+02
    0.13613E-03    0.36747E+02
    0.13888E-03    0.37460E+02
    0.14168E-03    0.38188E+02
    0.14454E-03    0.38929E+02
    0.14746E-03    0.39685E+02
    0.15044E-03    0.40456E+02
    0.15348E-03    0.41241E+02
    0.15658E-03    0.42042E+02
    0.15975E-03    0.42859E+02
    0.16297E-03    0.43691E+02
    0.16627E-03    0.44539E+02
    0.16962E-03    0.45404E+02
    0.17305E-03    0.46285E+02
    0.17655E-03    0.47184E+02
    0.18011E-03    0.48100E+02
    0.18375E-03    0.49033E+02
    0.18746E-03    0.49985E+02
    0.19125E-03    0.50955E+02
    0.19511E-03    0.51944E+02
    0.19906E-03    0.52952E+02
    0.20308E-03    0.53980E+02
    0.20718E-03    0.55027E+02
    0.21137E-03    0.56095E+02
    0.21564E-03    0.57183E+02
    0.21999E-03    0.58293E+02
    0.22444E-03    0.59424E+02
    0.22897E-03    0.60576E+02
    0.23359E-03    0.61751E+02
    0.23831E-03    0.62949E+02
    0.24313E-03    0.64170E+02
    0.24804E-03    0.65414E+02
    0.25305E-03    0.66682E+02
    0.25816E-03    0.67975E+02
    0.26338E-03    0.69293E+02
    0.26870E-03    0.70636E+02
    0.27413E-03    0.72005E+02
    0.27966E-03    0.73401E+02
    0.28531E-03    0.74823E+02
    0.29108E-03    0.76273E+02
    0.29696E-03    0.77751E+02
    0.30296E-03    0.79257E+02
    0.30908E-03    0.80792E+02
    0.31532E-03    0.82357E+02
    0.32169E-03    0.83951E+02
    0.32819E-03    0.85577E+02
    0.33482E-03    0.87233E+02
    0.34158E-03    0.88922E+02
    0.34848E-03    0.90642E+02
    0.35552E-03    0.92396E+02
    0.36270E-03    0.94184E+02
    0.37003E-03    0.96005E+02
    0.37751E-03    0.97862E+02
    0.38513E-03    0.99754E+02
    0.39291E-03    0.10168E+03
    0.40085E-03    0.10365E+03
    0.40895E-03    0.10565E+03
    0.41721E-03    0.10769E+03
    0.42564E-03    0.10977E+03
    0.43424E-03    0.11189E+03
    0.44301E-03    0.11405E+03
    0.45196E-03    0.11625E+03
    0.46109E-03    0.11849E+03
    0.47040E-03    0.12078E+03
    0.47991E-03    0.12311E+03
    0.48960E-03    0.12548E+03
    0.49949E-03    0.12790E+03
    0.50958E-03    0.13036E+03
    0.51988E-03    0.13287E+03
    0.53038E-03    0.13543E+03
    0.54109E-03    0.13803E+03
    0.55202E-03    0.14069E+03
    0.56317E-03    0.14339E+03
    0.57455E-03    0.14615E+03
    0.58616E-03    0.14895E+03
    0.59800E-03    0.15181E+03
    0.61008E-03    0.15473E+03
    0.62240E-03    0.15769E+03
    0.63498E-03    0.16072E+03
    0.64780E-03    0.16380E+03
    0.66089E-03    0.16693E+03
    0.67424E-03    0.17013E+03
    0.68786E-03    0.17338E+03
    0.70176E-03    0.17670E+03
    0.71593E-03    0.18007E+03
    0.73040E-03    0.18351E+03
    0.74515E-03    0.18701E+03
    0.76021E-03    0.19058E+03
    0.77556E-03    0.19421E+03
    0.79123E-03    0.19791E+03
    0.80721E-03    0.20167E+03
    0.82352E-03    0.20551E+03
    0.84016E-03    0.20941E+03
    0.85713E-03    0.21338E+03
    0.87444E-03    0.21743E+03
    0.89211E-03    0.22155E+03
    0.91013E-03    0.22574E+03
    0.92852E-03    0.23001E+03
    0.94727E-03    0.23435E+03
    0.96641E-03    0.23878E+03
    0.98593E-03    0.24328E+03
    0.10059E-02    0.24786E+03
    0.10262E-02    0.25252E+03
    0.10469E-02    0.25726E+03
    0.10680E-02    0.26209E+03
    0.10896E-02    0.26700E+03
    0.11116E-02    0.27200E+03
    0.11341E-02    0.27709E+03
    0.11570E-02    0.28226E+03
    0.11804E-02    0.28752E+03
    0.12042E-02    0.29287E+03
    0.12285E-02    0.29832E+03
    0.12534E-02    0.30386E+03
    0.12787E-02    0.30949E+03
    0.13045E-02    0.31521E+03
    0.13309E-02    0.32104E+03
    0.13578E-02    0.32696E+03
    0.13852E-02    0.33298E+03
    0.14132E-02    0.33910E+03
    0.14417E-02    0.34532E+03
    0.14708E-02    0.35165E+03
    0.15006E-02    0.35807E+03
    0.15309E-02    0.36461E+03
    0.15618E-02    0.37125E+03
    0.15933E-02    0.37799E+03
    0.16255E-02    0.38485E+03
    0.16584E-02    0.39181E+03
    0.16919E-02    0.39889E+03
    0.17260E-02    0.40607E+03
    0.17609E-02    0.41337E+03
    0.17965E-02    0.42079E+03
    0.18328E-02    0.42832E+03
    0.18698E-02    0.43596E+03
    0.19076E-02    0.44372E+03
    0.19461E-02    0.45160E+03
    0.19854E-02    0.45960E+03
    0.20255E-02    0.46772E+03
    0.20665E-02    0.47596E+03
    0.21082E-02    0.48432E+03
    0.21508E-02    0.49280E+03
    0.21942E-02    0.50140E+03
    0.22386E-02    0.51013E+03
    0.22838E-02    0.51899E+03
    0.23299E-02    0.52797E+03
    0.23770E-02    0.53707E+03
    0.24250E-02    0.54630E+03
    0.24740E-02    0.55566E+03
    0.25240E-02    0.56514E+03
    0.25750E-02    0.57476E+03
    0.26270E-02    0.58449E+03
    0.26800E-02    0.59436E+03
    0.27342E-02    0.60436E+03
    0.27894E-02    0.61448E+03
    0.28458E-02    0.62473E+03
    0.29033E-02    0.63510E+03
    0.29619E-02    0.64561E+03
    0.30217E-02    0.65624E+03
    0.30828E-02    0.66700E+03
    0.31451E-02    0.67788E+03
    0.32086E-02    0.68889E+03
    0.32734E-02    0.70003E+03
    0.33395E-02    0.71129E+03
    0.34070E-02    0.72267E+03
    0.34758E-02    0.73417E+03
    0.35460E-02    0.74580E+03
    0.36177E-02    0.75754E+03
    0.36908E-02    0.76940E+03
    0.37653E-02    0.78138E+03
    0.38414E-02    0.79347E+03
    0.39190E-02    0.80568E+03
    0.39982E-02    0.81800E+03
    0.40789E-02    0.83043E+03
    0.41613E-02    0.84296E+03
    0.42454E-02    0.85560E+03
    0.43312E-02    0.86834E+03
    0.44186E-02    0.88117E+03
    0.45079E-02    0.89411E+03
    0.45990E-02    0.90713E+03
    0.46919E-02    0.92025E+03
    0.47867E-02    0.93345E+03
    0.48834E-02    0.94673E+03
    0.49820E-02    0.96009E+03
    0.50827E-02    0.97353E+03
    0.51853E-02    0.98703E+03
    0.52901E-02    0.10006E+04
    0.53969E-02    0.10142E+04
    0.55060E-02    0.10279E+04
    0.56172E-02    0.10416E+04
    0.57307E-02    0.10554E+04
    0.58464E-02    0.10692E+04
    0.59645E-02    0.10831E+04
    0.60850E-02    0.10970E+04
    0.62080E-02    0.11109E+04
    0.63334E-02    0.11248E+04
    0.64613E-02    0.11387E+04
    0.65918E-02    0.11526E+04
    0.67250E-02    0.11665E+04
    0.68609E-02    0.11804E+04
    0.69995E-02    0.11942E+04
    0.71409E-02    0.12081E+04
    0.72851E-02    0.12219E+04
    0.74323E-02    0.12356E+04
    0.75824E-02    0.12493E+04
    0.77356E-02    0.12629E+04
    0.78919E-02    0.12764E+04
    0.80513E-02    0.12898E+04
    0.82139E-02    0.13032E+04
    0.83799E-02    0.13164E+04
    0.85492E-02    0.13295E+04
    0.87219E-02    0.13424E+04
    0.88981E-02    0.13552E+04
    0.90778E-02    0.13679E+04
    0.92612E-02    0.13804E+04
    0.94483E-02    0.13927E+04
    0.96392E-02    0.14047E+04
    0.98339E-02    0.14166E+04
    0.10033E-01    0.14283E+04
    0.10235E-01    0.14397E+04
    0.10442E-01    0.14509E+04
    0.10653E-01    0.14618E+04
    0.10868E-01    0.14724E+04
    0.11088E-01    0.14827E+04
    0.11312E-01    0.14926E+04
    0.11540E-01    0.15023E+04
    0.11773E-01    0.15116E+04
    0.12011E-01    0.15206E+04
    0.12254E-01    0.15291E+04
    0.12501E-01    0.15373E+04
    0.12754E-01    0.15450E+04
    0.13011E-01    0.15523E+04
    0.13274E-01    0.15592E+04
    0.13543E-01    0.15656E+04
    0.13816E-01    0.15715E+04
    0.14095E-01    0.15769E+04
    0.14380E-01    0.15818E+04
    0.14670E-01    0.15861E+04
    0.14967E-01    0.15899E+04
    0.15269E-01    0.15931E+04
    0.15578E-01    0.15958E+04
    0.15892E-01    0.15978E+04
    0.16213E-01    0.15992E+04
    0.16541E-01    0.16000E+04
    0.16875E-01    0.16001E+04
    0.17216E-01    0.15995E+04
    0.17564E-01    0.15983E+04
    0.17918E-01    0.15964E+04
    0.18280E-01    0.15937E+04
    0.18650E-01    0.15904E+04
    0.19027E-01    0.15863E+04
    0.19411E-01    0.15815E+04
    0.19803E-01    0.15759E+04
    0.20203E-01    0.15696E+04
    0.20611E-01    0.15625E+04
    0.21028E-01    0.15547E+04
    0.21452E-01    0.15461E+04
    0.21886E-01    0.15368E+04
    0.22328E-01    0.15267E+04
    0.22779E-01    0.15159E+04
    0.23239E-01    0.15043E+04
    0.23708E-01    0.14919E+04
    0.24187E-01    0.14789E+04
    0.24676E-01    0.14651E+04
    0.25175E-01    0.14507E+04
    0.25683E-01    0.14356E+04
    0.26202E-01    0.14198E+04
    0.26731E-01    0.14034E+04
    0.27271E-01    0.13864E+04
    0.27822E-01    0.13688E+04
    0.28384E-01    0.13508E+04
    0.28958E-01    0.13322E+04
    0.29543E-01    0.13131E+04
    0.30139E-01    0.12937E+04
    0.30748E-01    0.12739E+04
    0.31369E-01    0.12537E+04
    0.32003E-01    0.12333E+04
    0.32650E-01    0.12127E+04
    0.33309E-01    0.11919E+04
    0.33982E-01    0.11710E+04
    0.34669E-01    0.11501E+04
    0.35369E-01    0.11292E+04
    0.36083E-01    0.11083E+04
    0.36812E-01    0.10876E+04
    0.37556E-01    0.10670E+04
    0.38315E-01    0.10464E+04
    0.39089E-01    0.10260E+04
    0.39878E-01    0.10060E+04
    0.40684E-01    0.98646E+03
    0.41506E-01    0.96733E+03
    0.42344E-01    0.94871E+03
    0.43200E-01    0.93067E+03
    0.44072E-01    0.91322E+03
    0.44963E-01    0.89641E+03
    0.45871E-01    0.88025E+03
    0.46798E-01    0.86474E+03
    0.47743E-01    0.84989E+03
    0.48708E-01    0.83567E+03
    0.49691E-01    0.82208E+03
    0.50695E-01    0.80908E+03
    0.51719E-01    0.79662E+03
    0.52764E-01    0.78467E+03
    0.53830E-01    0.77319E+03
    0.54918E-01    0.76211E+03
    0.56027E-01    0.75139E+03
    0.57159E-01    0.74102E+03
    0.58313E-01    0.73103E+03
    0.59491E-01    0.72123E+03
    0.60693E-01    0.71274E+03
    0.61919E-01    0.70320E+03
    0.63170E-01    0.69358E+03
    0.64446E-01    0.68377E+03
    0.65748E-01    0.67368E+03
    0.67077E-01    0.66321E+03
    0.68432E-01    0.65227E+03
    0.69814E-01    0.64077E+03
    0.71224E-01    0.62866E+03
    0.72663E-01    0.61588E+03
    0.74131E-01    0.60240E+03
    0.75629E-01    0.58822E+03
    0.77156E-01    0.57337E+03
    0.78715E-01    0.55790E+03
    0.80305E-01    0.54189E+03
    0.81927E-01    0.52543E+03
    0.83582E-01    0.50866E+03
    0.85271E-01    0.49170E+03
    0.86993E-01    0.47470E+03
    0.88751E-01    0.45781E+03
    0.90544E-01    0.44117E+03
    0.92373E-01    0.42495E+03
    0.94239E-01    0.40929E+03
    0.96143E-01    0.39435E+03
    0.98085E-01    0.38025E+03
    0.10007E+00    0.36711E+03
    0.10209E+00    0.35501E+03
    0.10415E+00    0.34401E+03
    0.10625E+00    0.33411E+03
    0.10840E+00    0.32527E+03
    0.11059E+00    0.31742E+03
    0.11282E+00    0.31044E+03
    0.11510E+00    0.30419E+03
    0.11743E+00    0.29851E+03
    0.11980E+00    0.29321E+03
    0.12222E+00    0.28809E+03
    0.12469E+00    0.28294E+03
    0.12721E+00    0.27754E+03
    0.12978E+00    0.27167E+03
    0.13240E+00    0.26517E+03
    0.13508E+00    0.25794E+03
    0.13780E+00    0.24996E+03
    0.14059E+00    0.24130E+03
    0.14343E+00    0.23214E+03
    0.14633E+00    0.22267E+03
    0.14928E+00    0.21313E+03
    0.15230E+00    0.20373E+03
    0.15537E+00    0.19467E+03
    0.15851E+00    0.18615E+03
    0.16171E+00    0.17833E+03
    0.16498E+00    0.17136E+03
    0.16831E+00    0.16532E+03
    0.17171E+00    0.16018E+03
    0.17518E+00    0.15583E+03
    0.17872E+00    0.15207E+03
    0.18233E+00    0.14868E+03
    0.18602E+00    0.14540E+03
    0.18977E+00    0.14203E+03
    0.19361E+00    0.13839E+03
    0.19752E+00    0.13434E+03
    0.20151E+00    0.12982E+03
    0.20558E+00    0.12487E+03
    0.20973E+00    0.11962E+03
    0.21397E+00    0.11425E+03
    0.21829E+00    0.10899E+03
    0.22270E+00    0.10405E+03
    0.22720E+00    0.99567E+02
    0.23179E+00    0.95650E+02
    0.23647E+00    0.92303E+02
    0.24125E+00    0.89442E+02
    0.24612E+00    0.86907E+02
    0.25110E+00    0.84506E+02
    0.25617E+00    0.82059E+02
    0.26134E+00    0.79438E+02
    0.26662E+00    0.76589E+02
    0.27201E+00    0.73531E+02
    0.27750E+00    0.70358E+02
    0.28311E+00    0.67211E+02
    0.28883E+00    0.64242E+02
    0.29466E+00    0.61556E+02
    0.30062E+00    0.59187E+02
    0.30669E+00    0.57091E+02
    0.31288E+00    0.55184E+02
    0.31920E+00    0.53360E+02
    0.32565E+00    0.51512E+02
    0.33223E+00    0.49574E+02
    0.33894E+00    0.47557E+02
    0.34579E+00    0.45524E+02
    0.35278E+00    0.43557E+02
    0.35990E+00    0.41726E+02
    0.36717E+00    0.40063E+02
    0.37459E+00    0.38548E+02
    0.38216E+00    0.37127E+02
    0.38988E+00    0.35741E+02
    0.39775E+00    0.34346E+02
    0.40579E+00    0.32938E+02
    0.41399E+00    0.31547E+02
    0.42235E+00    0.30212E+02
    0.43088E+00    0.28961E+02
    0.43959E+00    0.27801E+02
    0.44847E+00    0.26706E+02
    0.45753E+00    0.25645E+02
    0.46677E+00    0.24602E+02
    0.47620E+00    0.23574E+02
    0.48582E+00    0.22577E+02
    0.49563E+00    0.21630E+02
    0.50564E+00    0.20735E+02
    0.51586E+00    0.19885E+02
    0.52628E+00    0.19065E+02
    0.53691E+00    0.18268E+02
    0.54776E+00    0.17494E+02
    0.55882E+00    0.16752E+02
    0.57011E+00    0.16044E+02
    0.58163E+00    0.15369E+02
    0.59338E+00    0.14721E+02
    0.60537E+00    0.14095E+02
    0.61760E+00    0.13492E+02
    0.63007E+00    0.12914E+02
    0.64280E+00    0.12361E+02
    0.65579E+00    0.11832E+02
    0.66903E+00    0.11323E+02
    0.68255E+00    0.10834E+02
    0.69634E+00    0.10365E+02
    0.71040E+00    0.99156E+01
    0.72475E+00    0.94852E+01
    0.73940E+00    0.90724E+01
    0.75433E+00    0.86765E+01
    0.76957E+00    0.82969E+01
    0.78512E+00    0.79335E+01
    0.80098E+00    0.75852E+01
    0.81716E+00    0.72512E+01
    0.83367E+00    0.69314E+01
    0.85051E+00    0.66252E+01
    0.86769E+00    0.63317E+01
    0.88522E+00    0.60507E+01
    0.90310E+00    0.57817E+01
    0.92134E+00    0.55242E+01
    0.93996E+00    0.52776E+01
    0.95894E+00    0.50415E+01
    0.97832E+00    0.48157E+01
    0.99808E+00    0.45995E+01
    0.10182E+01    0.43927E+01
    0.10388E+01    0.41948E+01
    0.10598E+01    0.40054E+01
    0.10812E+01    0.38243E+01
    0.11030E+01    0.36510E+01
    0.11253E+01    0.34853E+01
    0.11481E+01    0.33269E+01
    0.11713E+01    0.31753E+01
    0.11949E+01    0.30305E+01
    0.12191E+01    0.28921E+01
    0.12437E+01    0.27597E+01
    0.12688E+01    0.26332E+01
    0.12944E+01    0.25123E+01
    0.13206E+01    0.23968E+01
    0.13473E+01    0.22864E+01
    0.13745E+01    0.21809E+01
    0.14023E+01    0.20801E+01
    0.14306E+01    0.19838E+01
    0.14595E+01    0.18919E+01
    0.14890E+01    0.18041E+01
    0.15190E+01    0.17202E+01
    0.15497E+01    0.16401E+01
    0.15810E+01    0.15636E+01
    0.16130E+01    0.14906E+01
    0.16456E+01    0.14209E+01
    0.16788E+01    0.13544E+01
    0.17127E+01    0.12909E+01
    0.17473E+01    0.12303E+01
    0.17826E+01    0.11724E+01
    0.18186E+01    0.11172E+01
    0.18554E+01    0.10645E+01
    0.18928E+01    0.10143E+01
    0.19311E+01    0.96631E+00
    0.19701E+01    0.92058E+00
    0.20099E+01    0.87694E+00
    0.20505E+01    0.83532E+00
    0.20919E+01    0.79563E+00
    0.21342E+01    0.75778E+00
    0.21773E+01    0.72168E+00
    0.22213E+01    0.68726E+00
    0.22661E+01    0.65444E+00
    0.23119E+01    0.62315E+00
    0.23586E+01    0.59333E+00
    0.24063E+01    0.56489E+00
    0.24549E+01    0.53779E+00
    0.25045E+01    0.51196E+00
    0.25551E+01    0.48734E+00
    0.26067E+01    0.46388E+00
    0.26593E+01    0.44152E+00
    0.27131E+01    0.42021E+00
    0.27679E+01    0.39992E+00
    0.28238E+01    0.38058E+00
    0.28808E+01    0.36215E+00
    0.29390E+01    0.34460E+00
    0.29984E+01    0.32789E+00
    0.30590E+01    0.31196E+00
    0.31208E+01    0.29680E+00
    0.31838E+01    0.28235E+00
    0.32481E+01    0.26860E+00
    0.33137E+01    0.25550E+00
    0.33807E+01    0.24303E+00
    0.34490E+01    0.23116E+00
    0.35187E+01    0.21985E+00
    0.35897E+01    0.20909E+00
    0.36623E+01    0.19884E+00
    0.37362E+01    0.18909E+00
    0.38117E+01    0.17980E+00
    0.38887E+01    0.17097E+00
    0.39673E+01    0.16256E+00
    0.40474E+01    0.15456E+00
    0.41292E+01    0.14694E+00
    0.42126E+01    0.13969E+00
    0.42977E+01    0.13279E+00
    0.43845E+01    0.12623E+00
    0.44731E+01    0.11999E+00
    0.45634E+01    0.11405E+00
    0.46556E+01    0.10840E+00
    0.47497E+01    0.10303E+00
    0.48456E+01    0.97913E-01
    0.49435E+01    0.93050E-01
    0.50434E+01    0.88424E-01
    0.51453E+01    0.84025E-01
    0.52492E+01    0.79841E-01
    0.53553E+01    0.75863E-01
    0.54634E+01    0.72079E-01
    0.55738E+01    0.68482E-01
    0.56864E+01    0.65061E-01
    0.58013E+01    0.61808E-01
    0.59185E+01    0.58716E-01
    0.60380E+01    0.55776E-01
    0.61600E+01    0.52981E-01
    0.62844E+01    0.50324E-01
    0.64114E+01    0.47799E-01
    0.65409E+01    0.45398E-01
    0.66731E+01    0.43117E-01
    0.68079E+01    0.40948E-01
    0.69454E+01    0.38887E-01
    0.70857E+01    0.36928E-01
    0.72288E+01    0.35067E-01
    0.73749E+01    0.33298E-01
    0.75238E+01    0.31617E-01
    0.76758E+01    0.30020E-01
    0.78309E+01    0.28503E-01
    0.79891E+01    0.27061E-01
    0.81505E+01    0.25691E-01
    0.83151E+01    0.24390E-01
    0.84831E+01    0.23154E-01
    0.86545E+01    0.21979E-01
    0.88293E+01    0.20864E-01
    0.90077E+01    0.19804E-01
    0.91896E+01    0.18798E-01
    0.93753E+01    0.17842E-01
    0.95647E+01    0.16934E-01
    0.97579E+01    0.16072E-01
    0.99550E+01    0.15253E-01
    0.10156E+02    0.14475E-01
    0.10361E+02    0.13737E-01
    0.10571E+02    0.13036E-01
    0.10784E+02    0.12370E-01
    0.11002E+02    0.11738E-01
    0.11224E+02    0.11137E-01
    0.11451E+02    0.10567E-01
    0.11682E+02    0.10026E-01
    0.11918E+02    0.95127E-02
    0.12159E+02    0.90250E-02
    0.12405E+02    0.85621E-02
    0.12655E+02    0.81227E-02
    0.12911E+02    0.77056E-02
    0.13172E+02    0.73097E-02
    0.13438E+02    0.69339E-02
    0.13709E+02    0.65772E-02
    0.13986E+02    0.62387E-02
    0.14269E+02    0.59175E-02
    0.14557E+02    0.56126E-02
    0.14851E+02    0.53232E-02
    0.15151E+02    0.50487E-02
    0.15457E+02    0.47881E-02
    0.15769E+02    0.45409E-02
    0.16088E+02    0.43063E-02
    0.16413E+02    0.40837E-02
    0.16745E+02    0.38725E-02
    0.17083E+02    0.36721E-02
    0.17428E+02    0.34820E-02
    0.17780E+02    0.33016E-02
    0.18139E+02    0.31305E-02
    0.18506E+02    0.29682E-02
    0.18880E+02    0.28142E-02
    0.19261E+02    0.26681E-02
    0.19650E+02    0.25296E-02
    0.20047E+02    0.23981E-02
    0.20452E+02    0.22735E-02
    0.20865E+02    0.21552E-02
    0.21287E+02    0.20431E-02
    0.21717E+02    0.19367E-02
    0.22155E+02    0.18359E-02
    0.22603E+02    0.17402E-02
    0.23059E+02    0.16495E-02
    0.23525E+02    0.15634E-02
    0.24001E+02    0.14818E-02
    0.24485E+02    0.14045E-02
    0.24980E+02    0.13311E-02
    0.25485E+02    0.12616E-02
    0.26000E+02    0.11956E-02
    0.26525E+02    0.11331E-02
    0.27061E+02    0.10738E-02
    0.27607E+02    0.10175E-02
    0.28165E+02    0.96425E-03
    0.28734E+02    0.91372E-03
    0.29314E+02    0.86581E-03
    0.29907E+02    0.82040E-03
    0.30511E+02    0.77735E-03
    0.31127E+02    0.73654E-03
    0.31756E+02    0.69785E-03
    0.32397E+02    0.66119E-03
    0.33052E+02    0.62643E-03
    0.33720E+02    0.59348E-03
    0.34401E+02    0.56225E-03
    0.35096E+02    0.53266E-03
    0.35805E+02    0.50461E-03
    0.36528E+02    0.47802E-03
    0.37266E+02    0.45282E-03
    0.38019E+02    0.42894E-03
    0.38787E+02    0.40631E-03
    0.39570E+02    0.38487E-03
    0.40370E+02    0.36455E-03
    0.41185E+02    0.34529E-03
    0.42017E+02    0.32704E-03
    0.42866E+02    0.30975E-03
    0.43732E+02    0.29336E-03
    0.44615E+02    0.27784E-03
    0.45517E+02    0.26313E-03
    0.46436E+02    0.24919E-03
    0.47374E+02    0.23599E-03
    0.48331E+02    0.22348E-03
    0.49308E+02    0.21162E-03
    0.50304E+02    0.20039E-03
    0.51320E+02    0.18976E-03
    0.52357E+02    0.17968E-03
    0.53414E+02    0.17013E-03
    0.54493E+02    0.16109E-03
    0.55594E+02    0.15252E-03
    0.56717E+02    0.14441E-03
    0.57863E+02    0.13672E-03
    0.59032E+02    0.12944E-03
    0.60224E+02    0.12254E-03
    0.61441E+02    0.11601E-03
    0.62682E+02    0.10982E-03
    0.63949E+02    0.10396E-03
    0.65240E+02    0.98413E-04
    0.66558E+02    0.93157E-04
    0.67903E+02    0.88180E-04
    0.69275E+02    0.83466E-04
    0.70674E+02    0.79001E-04
    0.72102E+02    0.74774E-04
    0.73558E+02    0.70770E-04
    0.75044E+02    0.66979E-04
    0.76560E+02    0.63389E-04
    0.78107E+02    0.59990E-04
    0.79685E+02    0.56772E-04
    0.81294E+02    0.53724E-04
    0.82937E+02    0.50838E-04
    0.84612E+02    0.48106E-04
    0.86321E+02    0.45519E-04
    0.88065E+02    0.43070E-04
    0.89844E+02    0.40752E-04
    0.91659E+02    0.38557E-04
    0.93511E+02    0.36478E-04
    0.95400E+02    0.34511E-04
    0.97327E+02    0.32649E-04
    0.99293E+02    0.30886E-04
    0.10130E+03    0.29217E-04
    0.10335E+03    0.27637E-04
    0.10543E+03    0.26142E-04
    0.10756E+03    0.24727E-04
    0.10974E+03    0.23387E-04
    0.11195E+03    0.22119E-04
    0.11421E+03    0.20919E-04
    0.11652E+03    0.19783E-04
    0.11888E+03    0.18708E-04
    0.12128E+03    0.17691E-04
    0.12373E+03    0.16728E-04
    0.12623E+03    0.15817E-04
    0.12878E+03    0.14955E-04
    0.13138E+03    0.14139E-04
    0.13403E+03    0.13367E-04
    0.13674E+03    0.12637E-04
    0.13950E+03    0.11946E-04
    0.14232E+03    0.11292E-04
    0.14520E+03    0.10673E-04
    0.14813E+03    0.10087E-04
    0.15112E+03    0.95336E-05
    0.15417E+03    0.90096E-05
    0.15729E+03    0.85139E-05
    0.16047E+03    0.80451E-05
    0.16371E+03    0.76015E-05
    0.16701E+03    0.71819E-05
    0.17039E+03    0.67851E-05
    0.17383E+03    0.64097E-05
    0.17734E+03    0.60547E-05
    0.18092E+03    0.57189E-05
    0.18458E+03    0.54014E-05
    0.18831E+03    0.51011E-05
    0.19211E+03    0.48171E-05
    0.19599E+03    0.45486E-05
    0.19995E+03    0.42946E-05
    0.20399E+03    0.40546E-05
    0.20811E+03    0.38276E-05
    0.21232E+03    0.36130E-05
    0.21661E+03    0.34101E-05
    0.22098E+03    0.32183E-05
    0.22545E+03    0.30371E-05
    0.23000E+03    0.28657E-05
    0.23465E+03    0.27037E-05
    0.23939E+03    0.25507E-05
    0.24422E+03    0.24061E-05
    0.24916E+03    0.22694E-05
    0.25419E+03    0.21402E-05
    0.25932E+03    0.20182E-05
    0.26456E+03    0.19029E-05
    0.26991E+03    0.17940E-05
    0.27536E+03    0.16911E-05
    0.28092E+03    0.15939E-05
    0.28660E+03    0.15022E-05
    0.29239E+03    0.14155E-05
    0.29829E+03    0.13337E-05
    0.30432E+03    0.12564E-05
    0.31047E+03    0.11835E-05
    0.31674E+03    0.11146E-05
    0.32314E+03    0.10496E-05
    0.32967E+03    0.98825E-06
    0.33632E+03    0.93037E-06
    0.34312E+03    0.87575E-06
    0.35005E+03    0.82421E-06
    0.35712E+03    0.77560E-06
    0.36434E+03    0.72976E-06
    0.37170E+03    0.68652E-06
    0.37921E+03    0.64574E-06
    0.38687E+03    0.60731E-06
    0.39468E+03    0.57107E-06
    0.40265E+03    0.53693E-06
    0.41079E+03    0.50474E-06
    0.41909E+03    0.47442E-06
    0.42755E+03    0.44586E-06
    0.43619E+03    0.41896E-06
    0.44500E+03    0.39363E-06
    0.45399E+03    0.36977E-06
    0.46316E+03    0.34732E-06
    0.47252E+03    0.32619E-06
    0.48206E+03    0.30630E-06
    0.49180E+03    0.28759E-06
    0.50174E+03    0.26999E-06
