8.899641366532215839e-03 2.091771709735576951e+04 1.300000000000000000e+01
1.507912288335236557e-02 2.477473579545454413e+04 3.300000000000000000e+01
2.144790238028840279e-02 2.411566537282436548e+04 7.900000000000000000e+01
2.783660839001337803e-02 2.140385637019230853e+04 1.170000000000000000e+02
3.435099897224728333e-02 1.817579655106707287e+04 2.050000000000000000e+02
4.047886852888350762e-02 1.554129378324468053e+04 2.350000000000000000e+02
4.676716823161133213e-02 1.357307959381351611e+04 3.690000000000000000e+02
5.308225183095997834e-02 1.224084858996102776e+04 4.330000000000000000e+02
5.945362628270418198e-02 1.130702369791666752e+04 5.850000000000000000e+02
6.576224888327897311e-02 1.053836683944679680e+04 6.790000000000000000e+02
7.196633099849814030e-02 9.730119410891375082e+03 8.130000000000000000e+02
7.827861083643085360e-02 8.795937513880076949e+03 9.850000000000000000e+02
8.470399068733039383e-02 7.786862485471259788e+03 1.183000000000000000e+03
9.096854837087310630e-02 6.852503351017656314e+03 1.269000000000000000e+03
9.720789911631415314e-02 6.059895837569128162e+03 1.537000000000000000e+03
1.034763067582125246e-01 5.449364964978448370e+03 1.653000000000000000e+03
1.097576477722859295e-01 5.021125378585869839e+03 1.963000000000000000e+03
1.160543097296395099e-01 4.727901785714285325e+03 2.121000000000000000e+03
1.223669711375355018e-01 4.504425367030473353e+03 2.413000000000000000e+03
1.286817294313966353e-01 4.288586448944497533e+03 2.635000000000000000e+03
1.349500825432468076e-01 4.038120146718586966e+03 2.877000000000000000e+03
1.411949598984825194e-01 3.744383806242480659e+03 3.169000000000000000e+03
1.475133603331979515e-01 3.425848040108399346e+03 3.507000000000000000e+03
1.537865113128315253e-01 3.122340105845064500e+03 3.685000000000000000e+03
1.600657585574513098e-01 2.856426805819984111e+03 4.165000000000000000e+03
1.663991183124232387e-01 2.645040644979705576e+03 4.377000000000000000e+03
1.727195676550437875e-01 2.490550721761151635e+03 4.855000000000000000e+03
1.789765243151531793e-01 2.378131400110078630e+03 4.929000000000000000e+03
1.852353737358977681e-01 2.286369799424106532e+03 5.581000000000000000e+03
1.914806840710078228e-01 2.196546208223966460e+03 5.679000000000000000e+03
1.977889912499052050e-01 2.095886078860672114e+03 6.385000000000000000e+03
2.040937762760341168e-01 1.981750645968598519e+03 6.553000000000000000e+03
2.103939340553785675e-01 1.858908153011924242e+03 7.125000000000000000e+03
2.166909768415070381e-01 1.737122460127741306e+03 7.447000000000000000e+03
2.229700342773534294e-01 1.626590617231469423e+03 7.929000000000000000e+03
2.292620082907971812e-01 1.532532872206748380e+03 8.353000000000000000e+03
2.355141554174260132e-01 1.456814252387152692e+03 8.775000000000000000e+03
2.417910667859329010e-01 1.396337976951111614e+03 9.313000000000000000e+03
2.480856600621526575e-01 1.345453467022632594e+03 9.841000000000000000e+03
2.543492296933776986e-01 1.297670736551495338e+03 1.019100000000000000e+04
2.606334330713551140e-01 1.248193648582053129e+03 1.089700000000000000e+04
2.669257423685943431e-01 1.195382473736249722e+03 1.130100000000000000e+04
2.732423402688111680e-01 1.139588419359488626e+03 1.202500000000000000e+04
2.795529764247268734e-01 1.083416895557100588e+03 1.242300000000000000e+04
2.858366371208178047e-01 1.030412786269460639e+03 1.302100000000000000e+04
2.920876345653135586e-01 9.827808163111799331e+02 1.340500000000000000e+04
2.983449910233763047e-01 9.412153862675859273e+02 1.424700000000000000e+04
3.046382692007175153e-01 9.050709801033935946e+02 1.471300000000000000e+04
3.109279206077096291e-01 8.732583171542291893e+02 1.548900000000000000e+04
3.172168249548444341e-01 8.440663367689558072e+02 1.591300000000000000e+04
3.235187638557397438e-01 8.155983417067343453e+02 1.687900000000000000e+04
3.298168281540781455e-01 7.868557990171838128e+02 1.719300000000000000e+04
3.361176499784954697e-01 7.575401881964266977e+02 1.815700000000000000e+04
3.423700432242688940e-01 7.284093297742771256e+02 1.833900000000000000e+04
3.486478282721584554e-01 7.000593444671420684e+02 1.957300000000000000e+04
3.549411678217364030e-01 6.732369874185487788e+02 1.994100000000000000e+04
3.611917028618862324e-01 6.486873755568049091e+02 2.062900000000000000e+04
3.674767166795864792e-01 6.265525888573790780e+02 2.165500000000000000e+04
3.737647869486350194e-01 6.063572889904270369e+02 2.211300000000000000e+04
3.800654123961629827e-01 5.873473828040758917e+02 2.318500000000000000e+04
3.863539965316843960e-01 5.693249553187686161e+02 2.366700000000000000e+04
3.926140268183350712e-01 5.517969456040470959e+02 2.438500000000000000e+04
3.989264585714052402e-01 5.343257560138864619e+02 2.574900000000000000e+04
4.052073321741767042e-01 5.171444950211478044e+02 2.567500000000000000e+04
4.114916561031216058e-01 5.004692996003269627e+02 2.740900000000000000e+04
4.177814351677177074e-01 4.843865403783471493e+02 2.740500000000000000e+04
4.240400734774502078e-01 4.691805841973487645e+02 2.871700000000000000e+04
4.303425767158289839e-01 4.549488917432457242e+02 2.959500000000000000e+04
4.366358654408017403e-01 4.414164748168071242e+02 3.030100000000000000e+04
4.428996297022272377e-01 4.288757373408363947e+02 3.110100000000000000e+04
4.491634546846772214e-01 4.168588365171767691e+02 3.202300000000000000e+04
4.554414216830138806e-01 4.052266379874417339e+02 3.297700000000000000e+04
4.617634586244367401e-01 3.939115382739914821e+02 3.444900000000000000e+04
4.680644339618229011e-01 3.828497829848548690e+02 3.454900000000000000e+04
4.743485343043289393e-01 3.722015421677934910e+02 3.611100000000000000e+04
4.806356229933411717e-01 3.618307127003755568e+02 3.654100000000000000e+04
4.869019348941476255e-01 3.519032170121527088e+02 3.771700000000000000e+04
4.931697216584374210e-01 3.424156646289942501e+02 3.861900000000000000e+04
4.994506893203705666e-01 3.332860809670120830e+02 3.966100000000000000e+04
5.057159170899795386e-01 3.246666776746720871e+02 4.054500000000000000e+04
5.119924112995831722e-01 3.163036419742688850e+02 4.181500000000000000e+04
5.183126200344251311e-01 3.082836876570991649e+02 4.312500000000000000e+04
5.246089766776097507e-01 3.004682345113590145e+02 4.368100000000000000e+04
5.308757393302815375e-01 2.930270000479047212e+02 4.462900000000000000e+04
5.371573631137898097e-01 2.856972956434912589e+02 4.622700000000000000e+04
5.434579693678205370e-01 2.786741987110193008e+02 4.690900000000000000e+04
5.497430800183124022e-01 2.717892744395409750e+02 4.823700000000000000e+04
5.559937532006536953e-01 2.652794153032788813e+02 4.858300000000000000e+04
5.622854803132901758e-01 2.588567695072366632e+02 5.099700000000000000e+04
5.686011663807025718e-01 2.527311109830116038e+02 5.139700000000000000e+04
5.748804726504169738e-01 2.467964277685525474e+02 5.248900000000000000e+04
5.811550348899043872e-01 2.410976916041946936e+02 5.378700000000000000e+04
5.874394618980551819e-01 2.355725111822168287e+02 5.491300000000000000e+04
5.937176309436124066e-01 2.301863721294209881e+02 5.597700000000000000e+04
5.999972067258815267e-01 2.250174387147075095e+02 5.741500000000000000e+04
6.062679241142834297e-01 2.199286662541038027e+02 5.810500000000000000e+04
6.125469718145756248e-01 2.151033416781597793e+02 6.003300000000000000e+04
6.188477867230408602e-01 2.103049581124922724e+02 6.094900000000000000e+04
6.251310732428440042e-01 2.057600696261229700e+02 6.223500000000000000e+04
6.314027615222762568e-01 2.013002773117733568e+02 6.322900000000000000e+04
6.377003718199972804e-01 1.969723484780247986e+02 6.513300000000000000e+04
6.439857930550499931e-01 1.928230106065162488e+02 6.570700000000000000e+04
6.502685530156656624e-01 1.887196129340847222e+02 6.756100000000000000e+04
6.565586246988928121e-01 1.848221546992499782e+02 6.850500000000000000e+04
6.628369424596141091e-01 1.809604745818536458e+02 6.994300000000000000e+04
6.691185559465481214e-01 1.772481756845734537e+02 7.109700000000000000e+04
6.754070310799917820e-01 1.736391582939593263e+02 7.302100000000000000e+04
6.816835621456999172e-01 1.700781081965387216e+02 7.331700000000000000e+04
6.879592682977492268e-01 1.667117635915426490e+02 7.579900000000000000e+04
6.942344479254694001e-01 1.633700748078848619e+02 7.602100000000000000e+04
7.005175563849601605e-01 1.601418030132752790e+02 7.875300000000000000e+04
7.068125114371639484e-01 1.570375549036982932e+02 7.929100000000000000e+04
7.131019140896182051e-01 1.539478614112265120e+02 8.112900000000000000e+04
7.193918372712783116e-01 1.510135062591785697e+02 8.244100000000000000e+04
7.256833943957551325e-01 1.481270282351254650e+02 8.394900000000000000e+04
7.319652850879165840e-01 1.452833001767636745e+02 8.512300000000000000e+04
7.382508135613710110e-01 1.425851754538273326e+02 8.692900000000000000e+04
7.445266028199800656e-01 1.399056130312025346e+02 8.778900000000000000e+04
7.507871253111656484e-01 1.372973428092442418e+02 8.962300000000000000e+04
7.570758611164480900e-01 1.347942364768770176e+02 9.134100000000000000e+04
7.633641360200108528e-01 1.322937126784597126e+02 9.284500000000000000e+04
7.696463136717470732e-01 1.298823610132438660e+02 9.408700000000000000e+04
7.759395055689795040e-01 1.275545596684979159e+02 9.633300000000000000e+04
7.822329304664709104e-01 1.252273891071502021e+02 9.724900000000000000e+04
7.885315090900385515e-01 1.230035974471106925e+02 9.950100000000000000e+04
7.947896741918292207e-01 1.208681779379267454e+02 9.928300000000000000e+04
8.010491271689893500e-01 1.187331736932472808e+02 1.025370000000000000e+05
8.073364249441802309e-01 1.166777865748282608e+02 1.034770000000000000e+05
8.136229646920474234e-01 1.146828129594475314e+02 1.057510000000000000e+05
8.199153172706454829e-01 1.126862223157515075e+02 1.068690000000000000e+05
8.261952811458017631e-01 1.107711427505526700e+02 1.086970000000000000e+05
8.324897258535074451e-01 1.089143667170098411e+02 1.105770000000000000e+05
8.387959526007869870e-01 1.070541142786546374e+02 1.125550000000000000e+05
8.450634854070663282e-01 1.052617366106014458e+02 1.125930000000000000e+05
8.513283072836113075e-01 1.035423832177181396e+02 1.155730000000000000e+05
8.576198447667759961e-01 1.018159487208375396e+02 1.172830000000000000e+05
8.639058656535316683e-01 1.001238720079061437e+02 1.185810000000000000e+05
8.701838914466027974e-01 9.851852375962647557e+01 1.206250000000000000e+05
8.764641314096036639e-01 9.691685088405546367e+01 1.219350000000000000e+05
8.827504037439891649e-01 9.532605442661407835e+01 1.244410000000000000e+05
8.890332963462141969e-01 9.382355932789472774e+01 1.255170000000000000e+05
8.953084452997464027e-01 9.234004930364588404e+01 1.273570000000000000e+05
9.015956726019704881e-01 9.085432763650494792e+01 1.298950000000000000e+05
9.078833512098413161e-01 8.943656384140190596e+01 1.307010000000000000e+05
9.141744272906558999e-01 8.806377193875263742e+01 1.339210000000000000e+05
9.204630999074844278e-01 8.669150475752729790e+01 1.341870000000000000e+05
9.267434610459841515e-01 8.534313077435976425e+01 1.371250000000000000e+05
9.330324406249552727e-01 8.406255125735128786e+01 1.384570000000000000e+05
9.393266003063709402e-01 8.278602769513446447e+01 1.409370000000000000e+05
9.455975031471062220e-01 8.151532884379327015e+01 1.413670000000000000e+05
9.518660226057367169e-01 8.030228296363490870e+01 1.443810000000000000e+05
9.581413475697029281e-01 7.911959776578819969e+01 1.455490000000000000e+05
9.644351135439162004e-01 7.793343721320364637e+01 1.491390000000000000e+05
9.707355840191599361e-01 7.675934351428448110e+01 1.496410000000000000e+05
9.770081029620610868e-01 7.565325035307526491e+01 1.518250000000000000e+05
9.832823530967786940e-01 7.455484021497014169e+01 1.534530000000000000e+05
9.895569905468067917e-01 7.345636233704587426e+01 1.558870000000000000e+05
9.958456514499454126e-01 7.238485497404411717e+01 1.581210000000000000e+05
1.002136232779608838e+00 7.135986423854592431e+01 1.598410000000000000e+05
1.008404851598815100e+00 7.033905711348414513e+01 1.611750000000000000e+05
1.014694174576919794e+00 6.931535601241940014e+01 1.646770000000000000e+05
1.020992581151014100e+00 6.833880167129142080e+01 1.660570000000000000e+05
1.027274002250675000e+00 6.739781411537187239e+01 1.677030000000000000e+05
1.033559203584765163e+00 6.645626001871251276e+01 1.702690000000000000e+05
1.039847580169829699e+00 6.551627350331855837e+01 1.722570000000000000e+05
1.046126998403850594e+00 6.462473346826874376e+01 1.736530000000000000e+05
1.052403458101502931e+00 6.375331940528719343e+01 1.766190000000000000e+05
1.058680726296697738e+00 6.288179311924454851e+01 1.775650000000000000e+05
1.064964357561877906e+00 6.201192505809105171e+01 1.812850000000000000e+05
1.071256798566221358e+00 6.118381528354878185e+01 1.825470000000000000e+05
1.077544071354557431e+00 6.037193992391505759e+01 1.849930000000000000e+05
1.083824845094000233e+00 5.956090351534187732e+01 1.867770000000000000e+05
1.090108045700157291e+00 5.875124626429821717e+01 1.890730000000000000e+05
1.096389688798609985e+00 5.798177751087466447e+01 1.914910000000000000e+05
1.102681157973254944e+00 5.722813105551827562e+01 1.938450000000000000e+05
1.108963073020351908e+00 5.647562909909890294e+01 1.951810000000000000e+05
1.115225453612966655e+00 5.572569290196395286e+01 1.973190000000000000e+05
1.121502150378710372e+00 5.500661329218056750e+01 2.002330000000000000e+05
1.127792598432213689e+00 5.430909867001265923e+01 2.030370000000000000e+05
1.134089574740247297e+00 5.361085994941720401e+01 2.048710000000000000e+05
1.140364073342102547e+00 5.291511398950950706e+01 2.062210000000000000e+05
1.146639207245351288e+00 5.223711543863343110e+01 2.095290000000000000e+05
1.152942436437851992e+00 5.158749018392756369e+01 2.125450000000000000e+05
1.159228931282626940e+00 5.094017657091149687e+01 2.132070000000000000e+05
1.165508749916801978e+00 5.029355036600355078e+01 2.165770000000000000e+05
1.171793104463751956e+00 4.965287123256048574e+01 2.181930000000000000e+05
1.178087463769067478e+00 4.904911010338791044e+01 2.221510000000000000e+05
1.184367680775410436e+00 4.845289426192395155e+01 2.216410000000000000e+05
1.190634666438431077e+00 4.785793448513440751e+01 2.261730000000000000e+05
1.196912235146298853e+00 4.726202822639734791e+01 2.269810000000000000e+05
1.203201604007285042e+00 4.668965124142906831e+01 2.319030000000000000e+05
1.209486869999778058e+00 4.613771382358572737e+01 2.314930000000000000e+05
1.215763929540806032e+00 4.558649689169595831e+01 2.360410000000000000e+05
1.222049780172183464e+00 4.503450780192418534e+01 2.372310000000000000e+05
1.228340637371898136e+00 4.448692392250877248e+01 2.409250000000000000e+05
1.234633015923105148e+00 4.396831258343864590e+01 2.427690000000000000e+05
1.240902278141391646e+00 4.345646937204293181e+01 2.437570000000000000e+05
1.247174864338172373e+00 4.294435463381304174e+01 2.479830000000000000e+05
1.253465485011332481e+00 4.243076742408593560e+01 2.502730000000000000e+05
1.259749980798759106e+00 4.193056367203773505e+01 2.523730000000000000e+05
1.266032170905827758e+00 4.145423648788845838e+01 2.554470000000000000e+05
1.272316320759243613e+00 4.097826923344409522e+01 2.570890000000000000e+05
1.278604180880545282e+00 4.050202081843020352e+01 2.612370000000000000e+05
1.284886614385056358e+00 4.002624596665875600e+01 2.616670000000000000e+05
1.291175450242393996e+00 3.956965858667267355e+01 2.668890000000000000e+05
1.297465753684127421e+00 3.912863003007210949e+01 2.670490000000000000e+05
1.303741854869400862e+00 3.868859704685758061e+01 2.705770000000000000e+05
1.310017351600176516e+00 3.824860673476424466e+01 2.726430000000000000e+05
1.316301474270663796e+00 3.780850558300366515e+01 2.762050000000000000e+05
1.322586786137195158e+00 3.739023392900094933e+01 2.781690000000000000e+05
1.328865520948248502e+00 3.698419669641841523e+01 2.808190000000000000e+05
1.335144831823233069e+00 3.657812242921610846e+01 2.836290000000000000e+05
1.341440542598177910e+00 3.617098752066477374e+01 2.877370000000000000e+05
1.347730895708934895e+00 3.576461475437258031e+01 2.882290000000000000e+05
1.354001621712590531e+00 3.537906700494576029e+01 2.915190000000000000e+05
1.360282639593320075e+00 3.500360483643912346e+01 2.946970000000000000e+05
1.366565714589564218e+00 3.462801963545436479e+01 2.968170000000000000e+05
1.372851534424878173e+00 3.425227042605131800e+01 3.007390000000000000e+05
1.379135407129832958e+00 3.387665909831433453e+01 3.019210000000000000e+05
1.385409599148118120e+00 3.351635399629416412e+01 3.054570000000000000e+05
1.391698675215097714e+00 3.316796955970558969e+01 3.088390000000000000e+05
1.397984478543130127e+00 3.281976661028951270e+01 3.106410000000000000e+05
1.404267912261491391e+00 3.247169491875400382e+01 3.144850000000000000e+05
1.410554812563175942e+00 3.212343111288095798e+01 3.161130000000000000e+05
1.416837860492211609e+00 3.178328748191885467e+01 3.202750000000000000e+05
1.423118207853388384e+00 3.146008674786924431e+01 3.211090000000000000e+05
1.429397832052551998e+00 3.113748320665389002e+01 3.261210000000000000e+05
1.435686950784322180e+00 3.081439195400073316e+01 3.277270000000000000e+05
1.441977152768831871e+00 3.049124502866453312e+01 3.318210000000000000e+05
1.448253698195793193e+00 3.017085680489514488e+01 3.324970000000000000e+05
1.454532379242246209e+00 2.986799134517877619e+01 3.373530000000000000e+05
1.460819348021602515e+00 2.956874459033868874e+01 3.395590000000000000e+05
1.467110398447264430e+00 2.926930354380004928e+01 3.433090000000000000e+05
1.473392938716745260e+00 2.897026757234063155e+01 3.447570000000000000e+05
1.479669997165725226e+00 2.867149253266812536e+01 3.487030000000000000e+05
1.485956181246867347e+00 2.838127472819583375e+01 3.512610000000000000e+05
1.492233645368827855e+00 2.810377879377381305e+01 3.540610000000000000e+05
1.498502502070437004e+00 2.782673532697978658e+01 3.561150000000000000e+05
1.504785781106828813e+00 2.754905440620131429e+01 3.616690000000000000e+05
1.511076018870604054e+00 2.727106603593365719e+01 3.628930000000000000e+05
1.517361672018678886e+00 2.699421739558373545e+01 3.671010000000000000e+05
1.523648603665754386e+00 2.673366284396042758e+01 3.694390000000000000e+05
1.529938073783499997e+00 2.647899789814549720e+01 3.732570000000000000e+05
1.536230209894147603e+00 2.622422492665106120e+01 3.759490000000000000e+05
1.542510753688646874e+00 2.596992133982151429e+01 3.780430000000000000e+05
1.548783993959166105e+00 2.571591354178960387e+01 3.811170000000000000e+05
1.555073106620426415e+00 2.546381015273221493e+01 3.864490000000000000e+05
1.561357360437646280e+00 2.522606256221227028e+01 3.863970000000000000e+05
1.567629155977046107e+00 2.499098906102904394e+01 3.913150000000000000e+05
1.573913727838968546e+00 2.475543671755736952e+01 3.943050000000000000e+05
1.580203583051146721e+00 2.451968626187263922e+01 3.980770000000000000e+05
1.586485424495109431e+00 2.428423621856080672e+01 3.999190000000000000e+05
1.592760048351496094e+00 2.405232987855010762e+01 4.031130000000000000e+05
1.599046473644109678e+00 2.383292942858642505e+01 4.082290000000000000e+05
1.605342170892531284e+00 2.361452626979447444e+01 4.103130000000000000e+05
1.611619901400826782e+00 2.339674624421948934e+01 4.126870000000000000e+05
1.617897637173894232e+00 2.317896613122289651e+01 4.165890000000000000e+05
1.624183273274892869e+00 2.296091193133347375e+01 4.199410000000000000e+05
1.630464632448940909e+00 2.274552335190259100e+01 4.229950000000000000e+05
1.636749016518817434e+00 2.254170167557423099e+01 4.264410000000000000e+05
1.643030957649984414e+00 2.233942441818255276e+01 4.296730000000000000e+05
1.649309215673383511e+00 2.213726574487965948e+01 4.319670000000000000e+05
1.655593672372293934e+00 2.193490758286202080e+01 4.375090000000000000e+05
1.661879609228423593e+00 2.173250152152774817e+01 4.387050000000000000e+05
1.668169397756880334e+00 2.153104813283028207e+01 4.445530000000000000e+05
1.674450194602470354e+00 2.134082972262767441e+01 4.443910000000000000e+05
1.680722754511547734e+00 2.115374747067639305e+01 4.497330000000000000e+05
1.687013924332251280e+00 2.096611022193216201e+01 4.541290000000000000e+05
1.693309023567647342e+00 2.077835579938374622e+01 4.569030000000000000e+05
1.699582184529626838e+00 2.059125565491949317e+01 4.575370000000000000e+05
1.705863782629779113e+00 2.040391702582094524e+01 4.652170000000000000e+05
1.712154468807867591e+00 2.022415035049293408e+01 4.655250000000000000e+05
1.718438413236833551e+00 2.005125528464870399e+01 4.712350000000000000e+05
1.724721302022623304e+00 1.987838931907065998e+01 4.721250000000000000e+05
1.730997481727017506e+00 1.970570784460468161e+01 4.769410000000000000e+05
1.737287110698811921e+00 1.953265639351509009e+01 4.815630000000000000e+05
1.743568019711331685e+00 1.935984489399466213e+01 4.820410000000000000e+05
1.749840724610719489e+00 1.918937616823921744e+01 4.876690000000000000e+05
1.756128585426761868e+00 1.902890327126132775e+01 4.911990000000000000e+05
1.762413576290274841e+00 1.886990740094583785e+01 4.940890000000000000e+05
1.768696225545751233e+00 1.871097074119062853e+01 4.983090000000000000e+05
1.774979392258164257e+00 1.855202102655800189e+01 5.007370000000000000e+05
1.781265588076748063e+00 1.839299468990072484e+01 5.063670000000000000e+05
1.787549469556652282e+00 1.823402689484947459e+01 5.070610000000000000e+05
1.793834152714548491e+00 1.807992334970099080e+01 5.140570000000000000e+05
1.800115088640694028e+00 1.793277094945390004e+01 5.135430000000000000e+05
1.806393949240306718e+00 1.778571701818972173e+01 5.205010000000000000e+05
1.812674134744620469e+00 1.763863199973642182e+01 5.215290000000000000e+05
1.818956961763506408e+00 1.749148514612043925e+01 5.276890000000000000e+05
1.825244201089838203e+00 1.734423497804231573e+01 5.300710000000000000e+05
1.831527291831864357e+00 1.719714446771688188e+01 5.339130000000000000e+05
1.837811334526000762e+00 1.705646150797094762e+01 5.375170000000000000e+05
1.844100755274497239e+00 1.691996547877414514e+01 5.425110000000000000e+05
1.850384858444586333e+00 1.678358481017820480e+01 5.438890000000000000e+05
1.856666102272343855e+00 1.664726622687112467e+01 5.492610000000000000e+05
1.862947772291545290e+00 1.651093841419517005e+01 5.513410000000000000e+05
1.869229368732079566e+00 1.637461216771992056e+01 5.569630000000000000e+05
1.875517658880313743e+00 1.623824731820048939e+01 5.600370000000000000e+05
1.881800808623774079e+00 1.610838064003108272e+01 5.631370000000000000e+05
1.888078904859593399e+00 1.598236138284093144e+01 5.669070000000000000e+05
1.894354016602919799e+00 1.585640203658059555e+01 5.701810000000000000e+05
1.900642754540889712e+00 1.573016912172888482e+01 5.770050000000000000e+05
1.906933539732843963e+00 1.560389517560737005e+01 5.780110000000000000e+05
1.913207609481020421e+00 1.547795672298542335e+01 5.814730000000000000e+05
1.919490932642516468e+00 1.535183360422366405e+01 5.877810000000000000e+05
1.925776897892065298e+00 1.523045042905391355e+01 5.891770000000000000e+05
1.932064493267848349e+00 1.511358293595993807e+01 5.961390000000000000e+05
1.938342653881060640e+00 1.499689077539929372e+01 5.949130000000000000e+05
1.944618386308852642e+00 1.488024376612119148e+01 6.033930000000000000e+05
1.950906299252908260e+00 1.476337036178712125e+01 6.053710000000000000e+05
1.957194595870784370e+00 1.464648980327084260e+01 6.107410000000000000e+05
1.963479659683463385e+00 1.452966932956421431e+01 6.131130000000000000e+05
1.969760406545119746e+00 1.441535005180112705e+01 6.172810000000000000e+05
1.976048408206027229e+00 1.430761034375103691e+01 6.227790000000000000e+05
1.982338029498461829e+00 1.420023259234863389e+01 6.253570000000000000e+05
1.988617535379774592e+00 1.409302755094651616e+01 6.286690000000000000e+05
1.994896368707261614e+00 1.398583399452343734e+01 6.334350000000000000e+05
2.001179636839495402e+00 1.387856473110530864e+01 6.370090000000000000e+05
2.007459803210732918e+00 1.377134839309393577e+01 6.414090000000000000e+05
2.013737463117888815e+00 1.366440841433722220e+01 6.441310000000000000e+05
2.020017269399334570e+00 1.356306858796525994e+01 6.499650000000000000e+05
2.026310292142863734e+00 1.346391849005400232e+01 6.549250000000000000e+05
2.032600589499427457e+00 1.336481139487380077e+01 6.576010000000000000e+05
2.038873908624716513e+00 1.326597176449716109e+01 6.596430000000000000e+05
2.045154131583326151e+00 1.316702335874184548e+01 6.668650000000000000e+05
2.051444750083316837e+00 1.306791115855671492e+01 6.701370000000000000e+05
2.057730477518978418e+00 1.296887604828329899e+01 6.742630000000000000e+05
2.064013981613451065e+00 1.287114270680278949e+01 6.776970000000000000e+05
2.070299933408402904e+00 1.277883302561289725e+01 6.831370000000000000e+05
2.076589765890210160e+00 1.268709243374259721e+01 6.865810000000000000e+05
2.082865529781856129e+00 1.259555705621787602e+01 6.886950000000000000e+05
2.089134541001091083e+00 1.250412013509403764e+01 6.934330000000000000e+05
2.095424255017540816e+00 1.241238132390285109e+01 7.011570000000000000e+05
2.101707164431554808e+00 1.232074169431882460e+01 7.007830000000000000e+05
2.107986518825044175e+00 1.222915393286050545e+01 7.084530000000000000e+05
2.114271853468083773e+00 1.213940649422076667e+01 7.110370000000000000e+05
2.120552760513600532e+00 1.205441947726277085e+01 7.153330000000000000e+05
2.126836977385017757e+00 1.196959997094742967e+01 7.203510000000000000e+05
2.133122092119955848e+00 1.188476836504935719e+01 7.245250000000000000e+05
2.139411756043959834e+00 1.179987531754794361e+01 7.293210000000000000e+05
2.145697120571732786e+00 1.171504029143402903e+01 7.327030000000000000e+05
2.151973595051769994e+00 1.163032529738037546e+01 7.352410000000000000e+05
2.158259954480660436e+00 1.154547684587937439e+01 7.440810000000000000e+05
2.164545449823881640e+00 1.146235706892642980e+01 7.435750000000000000e+05
2.170830747891504764e+00 1.138374579918318297e+01 7.523850000000000000e+05
2.177114189543003508e+00 1.130539191182490200e+01 7.523290000000000000e+05
2.183387692501795208e+00 1.122716194205123941e+01 7.580970000000000000e+05
2.189670320506250434e+00 1.114881819262313911e+01 7.639510000000000000e+05
2.195960199497599685e+00 1.107038402128018717e+01 7.680850000000000000e+05
2.202242604819257377e+00 1.099204305268432336e+01 7.710450000000000000e+05
2.208521704064293267e+00 1.091374332074403064e+01 7.761550000000000000e+05
2.214804678516886227e+00 1.083616559948738356e+01 7.806930000000000000e+05
2.221092631939611373e+00 1.076288405874613474e+01 7.865170000000000000e+05
2.227372944257140830e+00 1.069037249406857626e+01 7.874610000000000000e+05
2.233657210814539607e+00 1.061781528267605346e+01 7.964230000000000000e+05
2.239943529128351152e+00 1.054523436835348349e+01 7.970410000000000000e+05
2.246224227644831206e+00 1.047271836634285513e+01 8.037690000000000000e+05
2.252506429437830970e+00 1.040018501344699331e+01 8.067310000000000000e+05
2.258783468156008389e+00 1.032771125065823270e+01 8.110050000000000000e+05
2.265069132598043211e+00 1.025517266247095449e+01 8.182210000000000000e+05
2.271350422959666826e+00 1.018633737593414068e+01 8.191390000000000000e+05
2.277634048433214708e+00 1.011994051502365366e+01 8.274210000000000000e+05
2.283922467648721533e+00 1.005349303640946879e+01 8.300170000000000000e+05
2.290202920535420184e+00 9.987129666454483967e+00 8.339010000000000000e+05
2.296490831598927862e+00 9.920687509852731623e+00 8.418790000000000000e+05
2.302771826763311935e+00 9.854318463157706987e+00 8.406570000000000000e+05
2.309051414366779742e+00 9.787964254825826771e+00 8.509570000000000000e+05
2.315338554641302338e+00 9.721530280755516173e+00 8.519350000000000000e+05
2.321627389952595433e+00 9.655694808944000229e+00 8.603850000000000000e+05
2.327911925020047512e+00 9.593638342576761957e+00 8.607130000000000000e+05
2.334186289560127303e+00 9.532313823681782594e+00 8.661090000000000000e+05
2.340468027992998135e+00 9.470917182628932451e+00 8.726590000000000000e+05
2.346756988659871812e+00 9.409450051199181431e+00 8.772330000000000000e+05
2.353044496806751873e+00 9.347997072844940192e+00 8.815930000000000000e+05
2.359327707923070339e+00 9.286586074378297084e+00 8.857990000000000000e+05
2.365603101336412717e+00 9.225251489955832440e+00 8.882130000000000000e+05
2.371885967127894013e+00 9.163843884427464559e+00 8.980330000000000000e+05
2.378173348421294353e+00 9.103462466380685569e+00 8.985150000000000000e+05
2.384454069732529380e+00 9.046466284900635202e+00 9.058810000000000000e+05
2.390736502803425090e+00 8.989689753542066342e+00 9.086130000000000000e+05
2.397014190536873812e+00 8.932956158801697910e+00 9.134650000000000000e+05
2.403295543543093604e+00 8.876189421785198874e+00 9.200110000000000000e+05
2.409585096780960001e+00 8.819348563152685117e+00 9.251730000000000000e+05
2.415871762874253648e+00 8.762533834627904028e+00 9.287890000000000000e+05
2.422160705283573190e+00 8.705698516911462903e+00 9.355710000000000000e+05
2.428440218767722314e+00 8.648948391674410985e+00 9.355210000000000000e+05
2.434717525377141811e+00 8.593128376125330092e+00 9.450490000000000000e+05
2.441002511295388810e+00 8.540325926432297265e+00 9.470250000000000000e+05
2.447290035663344909e+00 8.487757829781697794e+00 9.557350000000000000e+05
2.453571889273430617e+00 8.435237127694994896e+00 9.555210000000000000e+05
2.459852758822840268e+00 8.382724650014878875e+00 9.646210000000000000e+05
2.466139282850015046e+00 8.330164917020026039e+00 9.677190000000000000e+05
2.472422017268737005e+00 8.277636848317694529e+00 9.724810000000000000e+05
2.478698567770654115e+00 8.225160490740343278e+00 9.765370000000000000e+05
2.484980892560527010e+00 8.172635814113732522e+00 9.838530000000000000e+05
2.491269378498083054e+00 8.120398344599722762e+00 9.882910000000000000e+05
2.497548563126016141e+00 8.071181667325143749e+00 9.911130000000000000e+05
2.503831717117992017e+00 8.022618532588149165e+00 9.990610000000000000e+05
2.510117988996658056e+00 7.974031307368692367e+00 1.003023000000000000e+06
2.516400792721253499e+00 7.925470891829759168e+00 1.007017000000000000e+06
2.522688289015427188e+00 7.876874197851707393e+00 1.015189000000000000e+06
2.528971755404220367e+00 7.828308653324508093e+00 1.015659000000000000e+06
2.535252098348438121e+00 7.779767259165772053e+00 1.024297000000000000e+06
2.541537567337918357e+00 7.731186242902191808e+00 1.027545000000000000e+06
2.547823062981965592e+00 7.682605010388642519e+00 1.034173000000000000e+06
2.554100722003804336e+00 7.635855196277960388e+00 1.035639000000000000e+06
2.560376844179065525e+00 7.591252379560249786e+00 1.043377000000000000e+06
2.566667577722153926e+00 7.546550105623492932e+00 1.051105000000000000e+06
2.572955111598495659e+00 7.501870559971024477e+00 1.052487000000000000e+06
2.579233828959529351e+00 7.457253658905237614e+00 1.058257000000000000e+06
2.585520219328450331e+00 7.412582242731265758e+00 1.065633000000000000e+06
2.591805190434158135e+00 7.367920908562283877e+00 1.067869000000000000e+06
2.598084128067277732e+00 7.323302444599837813e+00 1.074235000000000000e+06
2.604360463213065913e+00 7.278702480251388884e+00 1.077393000000000000e+06
2.610647242103097287e+00 7.234152431704162112e+00 1.087621000000000000e+06
2.616931922960255008e+00 7.192081943754546458e+00 1.087923000000000000e+06
2.623206163747393127e+00 7.151045742368104641e+00 1.093945000000000000e+06
2.629491680348758020e+00 7.109935791795662929e+00 1.102629000000000000e+06
2.635778568352333817e+00 7.068816880944226888e+00 1.104619000000000000e+06
2.642061088527428936e+00 7.027726524216030946e+00 1.111669000000000000e+06
2.648343898035611765e+00 6.986634282143645791e+00 1.116021000000000000e+06
2.654631896353765175e+00 6.945508094423351153e+00 1.122973000000000000e+06
2.660919063847193122e+00 6.904387353012142903e+00 1.127175000000000000e+06
2.667198583931860600e+00 6.863316622675596612e+00 1.130377000000000000e+06
2.673484364536813818e+00 6.822393948430307553e+00 1.140669000000000000e+06
2.679773443507671438e+00 6.783733850109490149e+00 1.142023000000000000e+06
2.686058274112265387e+00 6.745774348502941997e+00 1.149277000000000000e+06
2.692338799749068201e+00 6.707840854686560661e+00 1.152213000000000000e+06
2.698618084087729407e+00 6.669914856225048538e+00 1.158781000000000000e+06
2.704895510636926126e+00 6.632000074187927474e+00 1.162875000000000000e+06
2.711175740452461014e+00 6.594068361042367599e+00 1.169989000000000000e+06
2.717459894448289059e+00 6.556112952035217489e+00 1.175577000000000000e+06
2.723745791186213960e+00 6.518147008354305605e+00 1.181755000000000000e+06
2.730038477978619760e+00 6.480140061973196808e+00 1.188433000000000000e+06
2.736318047316759650e+00 6.442263076047041181e+00 1.188297000000000000e+06
2.742591921096126928e+00 6.406275822302307965e+00 1.196761000000000000e+06
2.748879812449644522e+00 6.371141157336778882e+00 1.204935000000000000e+06
2.755163468419708828e+00 6.336030157127869877e+00 1.206061000000000000e+06
2.761447012931416811e+00 6.300919783680702935e+00 1.215613000000000000e+06
2.767732147456675396e+00 6.265800521938013290e+00 1.218267000000000000e+06
2.774015514492576440e+00 6.230691139432321002e+00 1.225501000000000000e+06
2.780298689845027926e+00 6.195582832968819176e+00 1.229565000000000000e+06
2.786577539972491024e+00 6.160498679207631056e+00 1.235035000000000000e+06
2.792858038411352606e+00 6.125405334351563980e+00 1.240689000000000000e+06
2.799143850794739485e+00 6.090282285124887451e+00 1.249249000000000000e+06
2.805430119179285420e+00 6.055988537202564359e+00 1.251241000000000000e+06
2.811715118473283592e+00 6.023464619531425868e+00 1.260723000000000000e+06
2.817989334345457397e+00 5.991053378721804101e+00 1.257637000000000000e+06
2.824269232441467103e+00 5.958612772276627112e+00 1.274037000000000000e+06
2.830563075103315729e+00 5.926100150540714040e+00 1.275475000000000000e+06
2.836848813429708294e+00 5.893629376988520185e+00 1.281105000000000000e+06
2.843130086469376039e+00 5.861181676015550401e+00 1.285969000000000000e+06
2.849413958227453136e+00 5.828720554621039440e+00 1.292461000000000000e+06
2.855697532180278664e+00 5.796260972211666918e+00 1.298067000000000000e+06
2.861978850248864337e+00 5.763813040742903127e+00 1.302997000000000000e+06
2.868262533068496989e+00 5.731379513913836377e+00 1.309605000000000000e+06
2.874547416099068275e+00 5.700491475287940091e+00 1.315999000000000000e+06
2.880831174591305999e+00 5.670512610512409069e+00 1.319869000000000000e+06
2.887113279437215851e+00 5.640541631148328960e+00 1.327641000000000000e+06
2.893394569048360232e+00 5.610574554046463547e+00 1.330255000000000000e+06
2.899673726387354655e+00 5.580617656287220285e+00 1.338453000000000000e+06
2.905954021090237038e+00 5.550655295352817653e+00 1.342849000000000000e+06
2.912241182269578843e+00 5.520660196780152518e+00 1.352361000000000000e+06
2.918526058974273418e+00 5.490675995124761677e+00 1.354147000000000000e+06
2.924809097082689213e+00 5.460700574578505773e+00 1.362613000000000000e+06
2.931095983635962909e+00 5.430706774164526074e+00 1.368069000000000000e+06
2.937378245530036125e+00 5.400813736648788499e+00 1.372087000000000000e+06
2.943660031210097561e+00 5.372695206052261696e+00 1.379481000000000000e+06
2.949946518919881466e+00 5.345287961266420140e+00 1.386229000000000000e+06
2.956227718241893676e+00 5.317903771500724908e+00 1.388517000000000000e+06
2.962510546714387516e+00 5.290512482743766398e+00 1.399267000000000000e+06
2.968796596523099129e+00 5.263107147021045762e+00 1.401733000000000000e+06
2.975077721900432515e+00 5.235723284429740332e+00 1.408377000000000000e+06
2.981359927244304320e+00 5.208334719938378043e+00 1.414855000000000000e+06
2.987646820670367465e+00 5.180925696276964310e+00 1.421757000000000000e+06
2.993929101123868453e+00 5.153536792085760432e+00 1.425493000000000000e+06
3.000206276886535406e+00 5.126170142886995684e+00 1.430859000000000000e+06
3.006486239034605212e+00 5.098799050099198205e+00 1.438525000000000000e+06
3.012769879570174059e+00 5.072611893070512856e+00 1.445293000000000000e+06
3.019053210639523588e+00 5.047292016578937002e+00 1.449561000000000000e+06
3.025337452591450926e+00 5.021968464568990598e+00 1.458919000000000000e+06
3.031623803940588058e+00 4.996636417566990396e+00 1.461273000000000000e+06
3.037909031772950019e+00 4.971308895316561838e+00 1.471645000000000000e+06
3.044195133629906014e+00 4.945977857283647694e+00 1.473643000000000000e+06
3.050475616239108234e+00 4.920669447610498182e+00 1.480653000000000000e+06
3.056755022708220526e+00 4.895365391234778762e+00 1.485901000000000000e+06
3.063040606532740462e+00 4.870036435138787922e+00 1.495089000000000000e+06
3.069323763138021466e+00 4.844717252284397979e+00 1.498099000000000000e+06
3.075610766610869629e+00 4.819382576036066901e+00 1.508373000000000000e+06
3.081893869363402594e+00 4.794481914925690091e+00 1.508617000000000000e+06
3.088174616923589078e+00 4.770975277518033408e+00 1.519927000000000000e+06
3.094458703431333557e+00 4.747565003650944249e+00 1.522125000000000000e+06
3.100744051441370885e+00 4.724150031369297231e+00 1.533337000000000000e+06
3.107028178643414407e+00 4.700739614768099983e+00 1.533597000000000000e+06
3.113309368712601000e+00 4.677340133797076582e+00 1.544503000000000000e+06
3.119590738250844986e+00 4.653939981455113006e+00 1.546305000000000000e+06
3.125874073938257336e+00 4.630532518476008441e+00 1.557601000000000000e+06
3.132159317663777198e+00 4.607117931578391890e+00 1.559959000000000000e+06
3.138439243763281095e+00 4.583723163154765246e+00 1.567305000000000000e+06
3.144723936107064688e+00 4.560310637828429492e+00 1.575241000000000000e+06
3.151004019145131618e+00 4.536915291435549058e+00 1.577367000000000000e+06
3.157283728541840251e+00 4.514347866528894748e+00 1.587385000000000000e+06
3.163569387492706220e+00 4.492718775251871577e+00 1.593597000000000000e+06
3.169851727185959867e+00 4.471102418484850460e+00 1.597477000000000000e+06
3.176137773236122452e+00 4.449473305415123647e+00 1.609027000000000000e+06
3.182420991719721481e+00 4.427853920637470964e+00 1.608405000000000000e+06
3.188702878528683282e+00 4.406239121677077542e+00 1.621081000000000000e+06
3.194990591398839452e+00 4.384604262811752307e+00 1.624239000000000000e+06
3.201275397142142154e+00 4.362979425168871828e+00 1.631845000000000000e+06
3.207551426058801614e+00 4.341384774766271271e+00 1.633729000000000000e+06
3.213835290608375583e+00 4.319763173541223189e+00 1.647165000000000000e+06
3.220122659549960797e+00 4.298129503899853709e+00 1.644751000000000000e+06
3.226406675952127490e+00 4.276507373433971360e+00 1.643340000000000000e+06
3.232687460435077043e+00 4.255697120913144893e+00 1.636708000000000000e+06
3.238969195791635336e+00 4.235732729237104088e+00 1.637478000000000000e+06
3.245254825133692123e+00 4.215756116189539604e+00 1.631182000000000000e+06
3.251534573123429972e+00 4.195798194556311422e+00 1.629010000000000000e+06
3.257817851411628052e+00 4.175829049654478986e+00 1.625526000000000000e+06
3.264102234052802309e+00 4.155856399370752463e+00 1.623166000000000000e+06
3.270384225724334293e+00 4.135891352388163966e+00 1.617270000000000000e+06
3.276669499326964718e+00 4.115915864896856569e+00 1.617742000000000000e+06
3.282954752750840477e+00 4.095940442776050183e+00 1.611330000000000000e+06
3.289237273234296488e+00 4.075973706946816932e+00 1.608274000000000000e+06
3.295519659671243495e+00 4.056007405504197472e+00 1.604740000000000000e+06
3.301806051325187230e+00 4.036028364425026993e+00 1.603290000000000000e+06
3.308087551007878879e+00 4.016486421694444253e+00 1.595068000000000000e+06
3.314367702286607820e+00 3.998084337439336000e+00 1.595556000000000000e+06
3.320651986802412026e+00 3.979732606727282462e+00 1.589470000000000000e+06
3.326931331011555582e+00 3.961395308689111605e+00 1.586370000000000000e+06
3.333216582116051985e+00 3.943040758694454251e+00 1.585024000000000000e+06
3.339504563254580116e+00 3.924678233611406331e+00 1.579984000000000000e+06
3.345786878402482234e+00 3.906332259291836806e+00 1.575540000000000000e+06
3.352071204110386837e+00 3.887980409035801888e+00 1.572502000000000000e+06
3.358351562050541528e+00 3.869640147395831509e+00 1.566954000000000000e+06
3.364630664049137465e+00 3.851303556098515823e+00 1.563766000000000000e+06
3.370916377215508852e+00 3.832947652065961996e+00 1.562734000000000000e+06
3.377198019423806041e+00 3.814603639815539182e+00 1.554546000000000000e+06
3.383483134935254100e+00 3.796270279400618008e+00 1.555762000000000000e+06
3.389770069235765071e+00 3.778889311914264137e+00 1.548906000000000000e+06
3.396051402631821148e+00 3.762046033270195267e+00 1.543888000000000000e+06
3.402330949743374688e+00 3.745207552100521031e+00 1.541424000000000000e+06
3.408610564023454970e+00 3.728368883700006631e+00 1.535002000000000000e+06
3.414897913719748601e+00 3.711509478987373711e+00 1.537504000000000000e+06
3.421180560573972684e+00 3.694662682863384173e+00 1.525410000000000000e+06
3.427461717876774561e+00 3.677819884122164762e+00 1.527532000000000000e+06
3.433749221444127642e+00 3.660960058816241869e+00 1.521270000000000000e+06
3.440032725237310629e+00 3.644110968178090992e+00 1.516912000000000000e+06
3.446313435787095703e+00 3.627269368019582441e+00 1.512240000000000000e+06
3.452600209277873144e+00 3.610411505466788018e+00 1.511140000000000000e+06
3.458883234334997780e+00 3.593563693833350392e+00 1.501846000000000000e+06
3.465163908585624952e+00 3.576783608784485757e+00 1.502364000000000000e+06
3.471449409538831077e+00 3.560903544323060554e+00 1.495330000000000000e+06
3.477734558902792816e+00 3.545329475081052450e+00 1.493730000000000000e+06
3.484019732800024194e+00 3.529755351423246257e+00 1.486852000000000000e+06
3.490297093195795952e+00 3.514200587186662617e+00 1.481290000000000000e+06
3.496582568157567739e+00 3.498625712427846146e+00 1.482678000000000000e+06
3.502868124768254265e+00 3.483050639051256780e+00 1.471900000000000000e+06
3.509144729869455137e+00 3.467497743686970502e+00 1.470168000000000000e+06
3.515428160557299897e+00 3.451927933142985516e+00 1.466200000000000000e+06
3.521711103644579399e+00 3.436359332077958850e+00 1.461120000000000000e+06
3.527991930131667342e+00 3.420795985467571132e+00 1.456756000000000000e+06
3.534275628615698217e+00 3.405225507007074270e+00 1.452556000000000000e+06
3.540562709032847533e+00 3.389646658978588079e+00 1.450452000000000000e+06
3.546844490780254322e+00 3.374093845261393110e+00 1.440316000000000000e+06
3.553131459255512326e+00 3.359278186140784772e+00 1.444164000000000000e+06
3.559419277272040549e+00 3.344895844539370167e+00 1.431532000000000000e+06
3.565698045323902221e+00 3.330534204005934917e+00 1.430340000000000000e+06
3.571979636940257219e+00 3.316166106711923689e+00 1.424632000000000000e+06
3.578265856202910822e+00 3.301787417939669567e+00 1.421998000000000000e+06
3.584548389685198178e+00 3.287417165663253815e+00 1.414698000000000000e+06
3.590826918788358135e+00 3.273056075211411731e+00 1.409980000000000000e+06
3.597107384123927609e+00 3.258690550016267284e+00 1.406532000000000000e+06
3.603392906757683090e+00 3.244313457188459981e+00 1.402948000000000000e+06
3.609673278013860287e+00 3.229948148593662971e+00 1.394214000000000000e+06
3.615955497548865694e+00 3.215578612797997060e+00 1.394872000000000000e+06
3.622241685855007720e+00 3.201199999574317001e+00 1.385464000000000000e+06
3.628520337773378124e+00 3.186838623807351389e+00 1.382634000000000000e+06
3.634804908029098058e+00 3.172710316212063120e+00 1.378150000000000000e+06
3.641095066780325240e+00 3.159362228858768162e+00 1.374948000000000000e+06
3.647383589592156472e+00 3.146077497511251320e+00 1.368208000000000000e+06
3.653663363355682758e+00 3.132811246743286482e+00 1.360624000000000000e+06
3.659943585313811809e+00 3.119544049780290873e+00 1.358970000000000000e+06
3.666232076387771155e+00 3.106259388861038140e+00 1.354042000000000000e+06
3.672514294174621607e+00 3.092987972570399702e+00 1.345926000000000000e+06
3.678794215660500466e+00 3.079721408666709959e+00 1.343698000000000000e+06
3.685078703402661748e+00 3.066445206417551361e+00 1.336938000000000000e+06
3.691359289184096060e+00 3.053177239224000861e+00 1.332418000000000000e+06
3.697642447741356087e+00 3.039903841110816796e+00 1.327732000000000000e+06
3.703925876122268868e+00 3.026629865590764190e+00 1.321878000000000000e+06
3.710208320765752799e+00 3.013357979117652352e+00 1.317706000000000000e+06
3.716494678923849104e+00 3.000077819000638524e+00 1.312086000000000000e+06
3.722775477756179008e+00 2.987200133184251261e+00 1.306132000000000000e+06
3.729058477406683281e+00 2.974943544958486896e+00 1.301652000000000000e+06
3.735339830687196105e+00 2.962698342024358666e+00 1.295260000000000000e+06
3.741620852581755585e+00 2.950453787174164955e+00 1.291120000000000000e+06
3.747904870670434541e+00 2.938203387773437036e+00 1.285230000000000000e+06
3.754190718660823212e+00 2.925949421672836781e+00 1.282204000000000000e+06
3.760478291516252014e+00 2.913692096420356759e+00 1.273920000000000000e+06
3.766755625836993637e+00 2.901454727190730942e+00 1.268410000000000000e+06
3.773032172608520085e+00 2.889218893004184441e+00 1.262274000000000000e+06
3.779322637200517754e+00 2.876955931447499282e+00 1.262920000000000000e+06
3.785609191270439933e+00 2.864700588079402088e+00 1.250194000000000000e+06
3.791889908372106710e+00 2.852456623944596537e+00 1.249224000000000000e+06
3.798174908545576933e+00 2.840204311644732194e+00 1.241506000000000000e+06
3.804458743068050541e+00 2.827954271972951794e+00 1.236786000000000000e+06
3.810738508793908519e+00 2.816000334765315305e+00 1.229380000000000000e+06
3.817018931318514774e+00 2.804760192723778633e+00 1.225756000000000000e+06
3.823305398818475531e+00 2.793542600462823877e+00 1.220370000000000000e+06
3.829591379403528340e+00 2.782325886160759154e+00 1.214428000000000000e+06
3.835872377751082585e+00 2.771118055852057172e+00 1.206828000000000000e+06
3.842156367772530778e+00 2.759904890526819088e+00 1.204744000000000000e+06
3.848441590979326588e+00 2.748689519540107984e+00 1.195512000000000000e+06
3.854723418958979853e+00 2.737480213388899131e+00 1.191598000000000000e+06
3.861004814730874646e+00 2.726271672792698109e+00 1.184566000000000000e+06
3.867284421932330130e+00 2.715066330976688036e+00 1.178694000000000000e+06
3.873567453523145243e+00 2.703854874620096993e+00 1.174768000000000000e+06
3.879850742363159188e+00 2.692642958615945492e+00 1.166658000000000000e+06
3.886137136154565130e+00 2.681425501402575851e+00 1.164202000000000000e+06
3.892419547995056739e+00 2.670215151273987342e+00 1.154202000000000000e+06
3.898703827337286043e+00 2.659036888062373816e+00 1.151548000000000000e+06
3.904991540314635579e+00 2.648475013983324189e+00 1.145062000000000000e+06
3.911270928384259271e+00 2.638155294657805516e+00 1.135518000000000000e+06
3.917549891296904008e+00 2.627836275134692201e+00 1.133722000000000000e+06
3.923836091928490255e+00 2.617505364205912954e+00 1.125570000000000000e+06
3.930121535224382345e+00 2.607175691635277293e+00 1.121032000000000000e+06
3.936398258227914670e+00 2.596860355248391983e+00 1.111578000000000000e+06
3.942683132644478672e+00 2.586531619497767220e+00 1.110370000000000000e+06
3.948974846371190228e+00 2.576191649557098895e+00 1.102594000000000000e+06
3.955259319793072770e+00 2.565863571313554470e+00 1.095120000000000000e+06
3.961537240485519806e+00 2.555546269521301372e+00 1.088182000000000000e+06
3.967820302996744264e+00 2.545220508973249807e+00 1.084686000000000000e+06
3.974105646295223782e+00 2.534890998267932183e+00 1.075606000000000000e+06
3.980384813418809120e+00 2.524571650947547763e+00 1.071370000000000000e+06
3.986664679062536187e+00 2.514251150342886376e+00 1.062492000000000000e+06
3.992949706018539047e+00 2.504010679417258523e+00 1.060702000000000000e+06
3.999235165830971273e+00 2.494361933833722844e+00 1.050174000000000000e+06
4.005515802454102214e+00 2.484831030974667954e+00 1.045918000000000000e+06
4.011798521218285174e+00 2.475296967241774837e+00 1.039026000000000000e+06
4.018083807704341481e+00 2.465759008105279371e+00 1.032862000000000000e+06
4.024365793481046616e+00 2.456226058255242428e+00 1.025860000000000000e+06
4.030644065078311300e+00 2.446698743690326694e+00 1.018710000000000000e+06
4.036928811060406908e+00 2.437161602354283918e+00 1.014568000000000000e+06
4.043218249940123243e+00 2.427617341494674452e+00 1.007796000000000000e+06
4.049503101288984830e+00 2.418080039654384450e+00 9.993400000000000000e+05
4.055781989214767513e+00 2.408551791216205551e+00 9.937800000000000000e+05
4.062060885789925635e+00 2.399023527189231508e+00 9.853000000000000000e+05
4.068347953582918564e+00 2.389482864976568255e+00 9.834640000000000000e+05
4.074631116437788414e+00 2.379948125614856025e+00 9.712140000000000000e+05
4.080910925175017745e+00 2.370418479596044126e+00 9.683560000000000000e+05
4.087201297317372806e+00 2.360908340377315007e+00 9.620400000000000000e+05
4.093486908724822015e+00 2.351930562044638240e+00 9.524620000000000000e+05
4.099764475306043821e+00 2.343138826417383580e+00 9.471100000000000000e+05
4.106049260260110856e+00 2.334336973706460761e+00 9.408420000000000000e+05
4.112334650449762208e+00 2.325534281212398025e+00 9.330760000000000000e+05
4.118619025001350131e+00 2.316733006729633448e+00 9.280620000000000000e+05
4.124899034221699345e+00 2.307937851122699779e+00 9.171520000000000000e+05
4.131175516167399309e+00 2.299147632417899434e+00 9.141240000000000000e+05
4.137461641864694784e+00 2.290343905932239021e+00 9.056920000000000000e+05
4.143746094624931153e+00 2.281542525581722991e+00 8.998600000000000000e+05
4.150029896157096054e+00 2.272742050623058230e+00 8.922480000000000000e+05
4.156313486414863867e+00 2.263941876621556215e+00 8.849020000000000000e+05
4.162596194758251045e+00 2.255142939320745832e+00 8.790780000000000000e+05
4.168881932339283836e+00 2.246339753298928876e+00 8.708860000000000000e+05
4.175162211040557736e+00 2.237544217731941121e+00 8.642460000000000000e+05
4.181448658708247557e+00 2.228740045280622972e+00 8.580640000000000000e+05
4.187738865557892431e+00 2.220139185619883992e+00 8.508160000000000000e+05
4.194017527463310913e+00 2.212003806058298050e+00 8.416440000000000000e+05
4.200293672070674056e+00 2.203886933211762322e+00 8.349700000000000000e+05
4.206580286643241351e+00 2.195756518636644561e+00 8.307180000000000000e+05
4.212860732137709618e+00 2.187634078093767087e+00 8.187820000000000000e+05
4.219138242000741279e+00 2.179515439036777913e+00 8.154840000000000000e+05
4.225426256330373498e+00 2.171383211678428626e+00 8.074600000000000000e+05
4.231713594793224509e+00 2.163251860639349822e+00 7.999360000000000000e+05
4.237990145167419342e+00 2.155134460984021505e+00 7.911960000000000000e+05
4.244267889064019528e+00 2.147015518292535230e+00 7.851280000000000000e+05
4.250560742620503873e+00 2.138877031517603999e+00 7.801680000000000000e+05
4.256847831038297336e+00 2.130746003040291381e+00 7.694320000000000000e+05
4.263127197458295825e+00 2.122624958786465843e+00 7.628980000000000000e+05
4.269406956962644273e+00 2.114503412501506752e+00 7.556700000000000000e+05
4.275691767631675688e+00 2.106375333883218293e+00 7.480840000000000000e+05
4.281972507835453357e+00 2.098252510461966036e+00 7.408020000000000000e+05
4.288253587406130052e+00 2.090385342704787153e+00 7.328140000000000000e+05
4.294540616257792820e+00 2.082897558011949979e+00 7.269300000000000000e+05
4.300825834817549875e+00 2.075415760835076284e+00 7.179880000000000000e+05
4.307109929223758016e+00 2.067935304560478915e+00 7.106380000000000000e+05
4.313391023727070284e+00 2.060458427306832263e+00 7.032900000000000000e+05
4.319668059552740580e+00 2.052986376924193390e+00 6.936700000000000000e+05
4.325952695187824659e+00 2.045505278236904534e+00 6.897900000000000000e+05
4.332241742982725796e+00 2.038018927650005807e+00 6.799720000000000000e+05
4.338524541828297387e+00 2.030540016656457336e+00 6.721320000000000000e+05
4.344809443003521565e+00 2.023058597105729994e+00 6.659740000000000000e+05
4.351090796288051621e+00 2.015581409680762270e+00 6.549880000000000000e+05
4.357369806619146857e+00 2.008107005791478272e+00 6.507840000000000000e+05
4.363659444337224080e+00 2.000619954859373273e+00 6.413980000000000000e+05
4.369947521314614391e+00 1.993134759296880665e+00 6.342960000000000000e+05
4.376226670426777154e+00 1.985660191849946576e+00 6.247360000000000000e+05
4.382499437002064901e+00 1.978193221645293320e+00 6.167760000000000000e+05
4.388785072967544387e+00 1.970832219071270819e+00 6.119020000000000000e+05
4.395068797637702751e+00 1.963942982943340798e+00 6.003820000000000000e+05
4.401348059724783823e+00 1.957105885174287518e+00 5.949300000000000000e+05
4.407628499486594187e+00 1.950267507587172933e+00 5.857120000000000000e+05
4.413915958291638297e+00 1.943421485092525103e+00 5.787780000000000000e+05
4.420203258084495879e+00 1.936575633808445662e+00 5.710660000000000000e+05
4.426480408906838804e+00 1.929740836908272028e+00 5.599180000000000000e+05
4.432766067635296459e+00 1.922896772323247738e+00 5.570520000000000000e+05
4.439053478785182527e+00 1.916050802054473312e+00 5.439400000000000000e+05
4.445336239213607321e+00 1.909209893540731118e+00 5.393460000000000000e+05
4.451617336308181017e+00 1.902370800360532188e+00 5.287960000000000000e+05
4.457901597323044030e+00 1.895528257996706545e+00 5.220780000000000000e+05
4.464189601100590821e+00 1.888681643676380251e+00 5.141980000000000000e+05
4.470470297550757977e+00 1.881842983359958810e+00 5.037100000000000000e+05
4.476748147552018331e+00 1.875007423952465224e+00 4.976520000000000000e+05
4.483036093653451459e+00 1.868160870901372395e+00 4.889080000000000000e+05
4.489323436225054031e+00 1.861314976580817682e+00 4.802880000000000000e+05
4.495599208567716332e+00 1.854721641221886319e+00 4.715380000000000000e+05
4.501871024222612760e+00 1.848418371548381511e+00 4.623600000000000000e+05
4.508155258257580122e+00 1.842103141981790593e+00 4.569760000000000000e+05
4.514446553144868979e+00 1.835780816621167544e+00 4.463980000000000000e+05
4.520723992570796490e+00 1.829472414600505248e+00 4.383120000000000000e+05
4.527003880048791729e+00 1.823161553928168477e+00 4.301560000000000000e+05
4.533293187926666690e+00 1.816841224633916063e+00 4.220880000000000000e+05
4.539579091683765277e+00 1.810524317182405918e+00 4.131460000000000000e+05
4.545857261407188155e+00 1.804215181561176440e+00 4.040560000000000000e+05
4.552139053630363641e+00 1.797902405545556803e+00 3.966450000000000000e+05
4.558432143533583947e+00 1.791578276565757299e+00 3.892900000000000000e+05
4.564713561986951440e+00 1.785265876842862198e+00 3.802770000000000000e+05
4.570987371157080759e+00 1.778961123917108367e+00 3.740800000000000000e+05
4.577274932043441602e+00 1.772642550841650122e+00 3.678570000000000000e+05
4.583563365344077489e+00 1.766323099771795135e+00 3.605980000000000000e+05
4.589845014582365934e+00 1.760010468849537268e+00 3.541540000000000000e+05
4.596126366784364592e+00 1.753698134513807849e+00 3.478350000000000000e+05
4.602409186352318216e+00 1.747579029228120584e+00 3.415870000000000000e+05
4.608696743677375807e+00 1.741746255733197524e+00 3.362760000000000000e+05
4.614977745812646859e+00 1.735922206886486130e+00 3.289840000000000000e+05
4.621259052967917391e+00 1.730097872642244683e+00 3.245970000000000000e+05
4.627548106016508456e+00 1.724266357307324693e+00 3.181960000000000000e+05
4.633830255234717477e+00 1.718441243656076756e+00 3.126610000000000000e+05
4.640104114657515488e+00 1.712623816008729705e+00 3.065010000000000000e+05
4.646382166019323634e+00 1.706802504022987277e+00 3.021610000000000000e+05
4.652674317154032124e+00 1.700968115897836919e+00 2.970210000000000000e+05
4.658958392751851640e+00 1.695141214550826003e+00 2.910610000000000000e+05
4.665233716407736431e+00 1.689322429296042039e+00 2.861100000000000000e+05
4.671520780351804625e+00 1.683492762516613617e+00 2.816890000000000000e+05
4.677814476633864516e+00 1.677656939409280623e+00 2.767660000000000000e+05
4.684093802399320161e+00 1.671834442856891423e+00 2.707740000000000000e+05
4.690368766817625712e+00 1.666015990592014662e+00 2.667940000000000000e+05
4.696663374566093729e+00 1.660179325398301486e+00 2.626620000000000000e+05
4.702945564618904228e+00 1.654354174634582231e+00 2.565220000000000000e+05
4.709209273734614953e+00 1.648586585870323695e+00 2.521060000000000000e+05
4.715491734502745835e+00 1.643136037217862278e+00 2.489100000000000000e+05
4.721784416829167164e+00 1.637750883585321837e+00 2.437780000000000000e+05
4.728063166499570258e+00 1.632377652775280463e+00 2.392110000000000000e+05
4.734337529831484481e+00 1.627008176723648392e+00 2.348620000000000000e+05
4.740627134158955869e+00 1.621625657298081391e+00 2.316150000000000000e+05
4.746915096786128885e+00 1.616244541107962895e+00 2.263180000000000000e+05
4.753194841644143409e+00 1.610870459338932026e+00 2.227630000000000000e+05
4.759478995894977693e+00 1.605492602834484028e+00 2.185860000000000000e+05
4.765762504099836150e+00 1.600115299852595596e+00 2.143990000000000000e+05
4.772049586059578630e+00 1.594734936565569861e+00 2.109150000000000000e+05
4.778335191995487286e+00 1.589355837085476564e+00 2.065420000000000000e+05
4.784610933244836772e+00 1.583985184393603030e+00 2.026110000000000000e+05
4.790907418558775888e+00 1.578596777330967926e+00 1.999990000000000000e+05
4.797204152890414797e+00 1.573208154018500116e+00 1.951330000000000000e+05
4.803470936102990585e+00 1.567845163832717548e+00 1.908990000000000000e+05
4.809748955706103501e+00 1.562472558598441141e+00 1.884550000000000000e+05
4.816045419260253091e+00 1.557084167715007794e+00 1.845510000000000000e+05
4.822329345431965564e+00 1.551768740515642397e+00 1.807750000000000000e+05
4.828596861054059275e+00 1.546780416194874164e+00 1.767510000000000000e+05
4.834890441349042334e+00 1.541814979056463697e+00 1.750390000000000000e+05
4.841191757781738048e+00 1.536843436287172127e+00 1.703350000000000000e+05
4.847460507432550081e+00 1.531897588728897253e+00 1.666830000000000000e+05
4.853732228724860320e+00 1.526949395320549296e+00 1.639390000000000000e+05
4.860029243508222407e+00 1.521981246080276184e+00 1.611630000000000000e+05
4.866314707312743515e+00 1.517022210520299508e+00 1.569790000000000000e+05
4.872587128049142180e+00 1.512073466346781636e+00 1.542790000000000000e+05
4.878874326956354146e+00 1.507113062554741090e+00 1.513560000000000000e+05
4.885171188009513443e+00 1.502145034571103599e+00 1.483510000000000000e+05
4.891450737747754296e+00 1.497190664187369125e+00 1.445190000000000000e+05
4.897716594540455937e+00 1.492247099767493035e+00 1.418110000000000000e+05
4.904002941474658428e+00 1.487287366052620907e+00 1.394040000000000000e+05
4.910295966100624021e+00 1.482322367347095549e+00 1.361050000000000000e+05
4.916575298044137732e+00 1.477368171310222689e+00 1.331320000000000000e+05
4.922848053858452033e+00 1.472419161415688738e+00 1.302510000000000000e+05
4.929131776944625010e+00 1.467461497234632484e+00 1.277710000000000000e+05
4.935434571647188129e+00 1.462500655648240722e+00 1.254000000000000000e+05
4.941718625825196831e+00 1.457837249825223669e+00 1.216630000000000000e+05
4.947978739830145578e+00 1.453312711901580290e+00 1.192080000000000000e+05
4.954275108964766083e+00 1.448761968005107148e+00 1.174270000000000000e+05
4.960571197478241601e+00 1.444211432606105294e+00 1.139920000000000000e+05
4.966823313903375059e+00 1.439692675320459303e+00 1.108470000000000000e+05
4.973097524094185928e+00 1.435157949774886754e+00 1.096600000000000000e+05
4.979415242711310086e+00 1.430591778760130994e+00 1.070790000000000000e+05
4.985702187153823850e+00 1.426047851264311328e+00 1.037440000000000000e+05
4.991950097980281775e+00 1.421532133180510415e+00 1.011150000000000000e+05
4.998241686031001052e+00 1.416984848363386895e+00 1.001380000000000000e+05
5.004556744061525286e+00 1.412420600288626149e+00 9.700300000000000000e+04
5.010828766819174440e+00 1.407887456692578976e+00 9.429600000000000000e+04
5.017077336493987794e+00 1.403371263055803952e+00 9.179200000000000000e+04
5.023374516910553922e+00 1.398819936217263749e+00 9.093900000000000000e+04
5.029688983391423562e+00 1.394256115457892742e+00 8.782000000000000000e+04
5.035958535576644302e+00 1.389724757301259661e+00 8.539600000000000000e+04
5.042232804303016458e+00 1.385189989291552681e+00 8.367900000000000000e+04
5.048528868437844430e+00 1.380639470866256380e+00 8.142400000000000000e+04
5.054821232966662414e+00 1.376136052135037202e+00 7.946400000000000000e+04
5.061069622023802062e+00 1.371939169477666365e+00 7.632700000000000000e+04
5.067347928844015748e+00 1.367770566252257680e+00 7.603200000000000000e+04
5.073675162852234521e+00 1.363569479856694189e+00 7.331800000000000000e+04
5.079946044229918911e+00 1.359405806599913502e+00 7.085200000000000000e+04
5.086193103476380983e+00 1.355257953045148511e+00 6.908700000000000000e+04
5.092484238993219670e+00 1.351080833831231454e+00 6.776800000000000000e+04
5.098803036455424653e+00 1.346885347535824895e+00 6.583200000000000000e+04
5.105078329449206365e+00 1.342718746254100592e+00 6.328000000000000000e+04
5.111325182727484595e+00 1.338571029765934117e+00 6.172800000000000000e+04
5.117628473002398870e+00 1.334385839263558138e+00 6.055900000000000000e+04
5.123936051798930080e+00 1.330197802540777463e+00 5.830000000000000000e+04
5.130199279683701263e+00 1.326039213500124436e+00 5.640000000000000000e+04
5.136470091038016328e+00 1.321875588030441584e+00 5.504800000000000000e+04
5.142797899868732259e+00 1.317674118283071127e+00 5.377200000000000000e+04
5.149090444947241885e+00 1.313496062904509154e+00 5.126200000000000000e+04
5.155289989860997402e+00 1.309379754447522304e+00 4.921600000000000000e+04
5.161564632225048577e+00 1.305213588402316605e+00 4.914300000000000000e+04
5.167916786878048896e+00 1.300995953157891849e+00 4.714000000000000000e+04
5.174206095400966987e+00 1.296834536226904699e+00 4.522800000000000000e+04
5.180434933025724220e+00 1.292936764263050931e+00 4.344400000000000000e+04
5.186729220071984336e+00 1.289078419143594223e+00 4.296000000000000000e+04
5.193058594332464750e+00 1.285198562678608214e+00 4.097200000000000000e+04
5.199319630949158721e+00 1.281360600387983384e+00 3.934000000000000000e+04
5.205574411885977248e+00 1.277526471390501017e+00 3.819600000000000000e+04
5.211895097344913630e+00 1.273651942991793184e+00 3.715000000000000000e+04
5.218201833674561030e+00 1.269785964066842521e+00 3.541200000000000000e+04
5.224412029571379179e+00 1.265979165440657361e+00 3.359200000000000000e+04
5.230677745800258016e+00 1.262138332359666659e+00 3.342000000000000000e+04
5.237056849688715765e+00 1.258227994876395250e+00 3.200800000000000000e+04
5.243336904137740007e+00 1.254378370893103112e+00 3.006400000000000000e+04
5.249493589695021889e+00 1.250604373011784842e+00 2.863200000000000000e+04
5.255787136340986265e+00 1.246746481898097780e+00 2.878000000000000000e+04
5.262205442072271033e+00 1.242812111783813567e+00 2.730000000000000000e+04
5.268477871728276085e+00 1.238967163011839734e+00 2.534200000000000000e+04
5.274632320563703125e+00 1.235194536337765658e+00 2.437200000000000000e+04
5.280950659936194391e+00 1.231321447303342920e+00 2.419600000000000000e+04
5.287327771171685953e+00 1.227412328176626266e+00 2.267200000000000000e+04
5.293582475185393932e+00 1.223578249001770812e+00 2.136000000000000000e+04
5.299790119127522736e+00 1.219832999076901014e+00 2.046400000000000000e+04
5.306111588975332971e+00 1.216239178410634114e+00 1.990800000000000000e+04
5.312452821898628663e+00 1.212654723580691929e+00 1.872400000000000000e+04
5.318650240714352329e+00 1.209151558586611941e+00 1.733200000000000000e+04
5.324923156657511925e+00 1.205605715192551886e+00 1.728600000000000000e+04
5.331330346168491552e+00 1.201983975804002736e+00 1.613200000000000000e+04
5.337586845560734261e+00 1.198447413874517142e+00 1.490400000000000000e+04
5.343685300881913847e+00 1.195000191197978401e+00 1.390000000000000000e+04
5.350070777697543356e+00 1.191390721842833678e+00 1.434000000000000000e+04
5.356556894460550389e+00 1.187724369674665104e+00 1.269700000000000000e+04
5.362691988963137923e+00 1.184256431391360387e+00 1.157200000000000000e+04
5.368769325876749043e+00 1.180821143106747684e+00 1.116000000000000000e+04
5.375270276283401927e+00 1.177146407075034373e+00 1.133200000000000000e+04
5.381770102055553728e+00 1.173472303214593948e+00 9.726000000000000000e+03
5.387701152023469220e+00 1.170119702075839374e+00 8.536000000000000000e+03
5.393786789272030369e+00 1.166679726496860914e+00 8.904000000000000000e+03
5.400446265505990162e+00 1.162915365135131607e+00 8.596000000000000000e+03
5.406957191469386359e+00 1.159235001004377486e+00 7.261000000000000000e+03
5.412655778542788454e+00 1.156013813728321127e+00 5.988000000000000000e+03
5.418821393273443476e+00 1.152528619552869893e+00 6.928000000000000000e+03
5.425690710886486912e+00 1.148690062886670304e+00 6.276000000000000000e+03
5.432217608295069944e+00 1.145258502027384218e+00 5.122000000000000000e+03
5.437649911197263819e+00 1.142428124751617702e+00 4.020000000000000000e+03
5.443914556247288594e+00 1.139164067115905121e+00 5.029000000000000000e+03
5.450953602018894451e+00 1.135496527039265846e+00 4.324000000000000000e+03
5.457483816918709429e+00 1.132094106228231478e+00 3.336000000000000000e+03
5.462715352400568491e+00 1.129368331914639700e+00 2.620000000000000000e+03
5.469033703152983428e+00 1.126076291957904596e+00 3.252000000000000000e+03
5.476177862822859232e+00 1.122353989038491484e+00 2.773000000000000000e+03
5.482709039226882020e+00 1.118951065235681774e+00 1.894000000000000000e+03
5.487722528514577647e+00 1.116338893103955288e+00 1.608000000000000000e+03
5.494194401005689343e+00 1.112966875342519479e+00 1.852000000000000000e+03
5.501391618270573325e+00 1.109216915575538032e+00 1.524000000000000000e+03
5.507128300933619158e+00 1.106227945050002770e+00 6.970000000000000000e+02
5.512278141646549834e+00 1.103544740156195525e+00 1.044000000000000000e+03
5.519395664404918911e+00 1.099836315588928581e+00 8.440000000000000000e+02
5.526598790648636239e+00 1.096083282854906304e+00 6.280000000000000000e+02
5.532162848814033751e+00 1.093184251844147026e+00 2.430000000000000000e+02
5.537397295564085553e+00 1.090456965205433670e+00 3.640000000000000000e+02
5.544582837506344397e+00 1.086713113282856247e+00 2.280000000000000000e+02
5.551739473496714261e+00 1.082984278278966039e+00 1.240000000000000000e+02
5.557493426583030249e+00 1.080095952207391852e+00 3.300000000000000000e+01
5.562281983239310001e+00 1.077798008918762207e+00 2.800000000000000000e+01
5.569272756576538086e+00 1.074443221092224121e+00 4.000000000000000000e+00
