4.649906583049406850e-01 2.729912198365462908e-02 -9.059420080126935615e-02 -4.216491350023789803e-02
2.291209958996556662e+00 1.871155600756798515e-02 2.160366993074285674e-02 -5.016392754730238795e-02
4.188427346978696342e+00 -1.375942065004531235e-02 -7.952631942480732283e-03 2.162486476854920750e-02
5.786279752788287212e+00 -7.666871796724717900e-03 5.737156286726890694e-03 -2.890374864987609732e-02
7.284819723257699664e+00 9.118995962025446683e-03 -6.775224939803946300e-03 7.679136625642721693e-04
8.765890989714451464e+00 -8.469585412650179612e-03 9.378056163281699859e-03 -1.408743712608122312e-02
1.025502961478852093e+01 -1.740843840736843590e-03 -7.804752048054502955e-03 9.235021002208916585e-03
1.174583563880347015e+01 -9.423010016267715366e-03 1.161813489828273857e-02 -1.375105756457599762e-02
1.323571373946950835e+01 -1.679648014881984482e-03 3.039133038082150566e-03 1.132714838243859337e-02
1.472736094229017567e+01 1.290037281767648664e-03 -6.646016047492743495e-03 5.901830646868585876e-03
1.622124659491865373e+01 -4.334073461510977790e-03 1.793154666596646213e-02 5.953986352016600418e-03
1.771356986927957777e+01 -4.744341574556706041e-03 -9.652285467896471599e-03 6.366436433417608717e-03
1.920703832515285825e+01 1.617564712630420757e-03 -8.959017894817847966e-03 4.621938117444243481e-03
2.070097896363411394e+01 -6.048985734848099684e-03 -9.948862420659430189e-03 -7.760120943700843724e-03
2.219340717540519492e+01 -2.760363956628595402e-03 -7.482314536816470074e-03 -1.474216789907983362e-02
2.368813069448974318e+01 -2.804391169299980113e-03 -6.626255433395606027e-03 -2.475922733276255013e-03
2.518333995315371610e+01 -1.774410256587876950e-03 -2.513078358061071865e-03 -1.037486822275306879e-03
2.667625364710563574e+01 -1.173719542265602364e-03 -1.503107350428354574e-03 -3.130929027862122075e-03
2.816996992973437131e+01 -4.195989626758309977e-03 -3.447766780363654884e-03 8.044845259270086424e-03
2.966562747407700229e+01 -2.208358657475938765e-04 -2.449321832474467362e-03 5.828572039172020408e-03
3.115937975234331958e+01 -2.104899946729250904e-03 -1.137823660208646739e-02 -9.663591338847480911e-04
3.265365848676954386e+01 -5.774344945255907233e-03 -9.253458285958147348e-04 5.390680451568163195e-03
3.414816555892085859e+01 -3.449542974823094962e-03 -3.508289450581745465e-03 3.618325859835617780e-04
3.564369345406123557e+01 -2.968459029505437271e-03 -4.381668730367491334e-03 2.862817576415873939e-03
3.713817919645608612e+01 -2.642560984590759145e-03 -6.331659200315579994e-03 -3.532060335661227173e-03
3.863206351371946567e+01 -3.351802536256367517e-03 -8.991166985168984674e-03 8.654815372145605729e-03
4.012673160751572965e+01 -2.204753325097249736e-03 -8.248034204153872201e-03 1.149664435958919250e-03
4.162175117926813783e+01 -4.017444179458005971e-03 -4.135936332458979396e-03 2.723644990148560690e-03
4.311605548164857282e+01 -5.014101010555567679e-03 -3.272906252048828654e-04 8.349848953855980088e-04
4.461098813816884956e+01 -4.280639108755793579e-03 -8.827161718362071252e-04 6.282958141687548358e-04
4.610568178217114621e+01 -3.166877473961286684e-03 5.569150774042897411e-04 7.058673511086951740e-04
4.760011346258086462e+01 -3.605719805979087141e-03 1.003594938758308949e-03 2.263394371899703043e-03
4.909530405992573066e+01 -2.109995752199209096e-03 1.215467988487311125e-03 2.667740022658602033e-03
5.058982416253775227e+01 -1.458638863751736316e-03 -1.350159211209588529e-03 2.890669769856370284e-03
5.208453302811807362e+01 -1.883425723191605979e-03 -1.987803340270892852e-03 3.175274066652334325e-03
5.357957825852342637e+01 -2.577297293878610777e-03 9.083183763867250368e-04 2.274180565043085449e-03
5.507428400254311640e+01 -2.729860423989290477e-03 -4.050833831664216980e-04 -1.331510155398352982e-03
5.656901956905151252e+01 -1.561539099056515403e-03 2.536625064793008449e-03 2.959595309671590214e-03
5.806416765941470715e+01 -2.278790749798811303e-03 2.265479664818327490e-03 -5.306752138258177126e-04
5.955905126029942664e+01 -4.351395251611684810e-04 1.887764384175700692e-03 2.233608869867813405e-03
6.105349946773960568e+01 -1.297843395330907463e-04 3.086505543028807488e-03 7.248984879975802278e-03
6.254807749057856370e+01 -1.000847429736673134e-03 4.748461866848756666e-03 4.035012266987091437e-03
6.404275635735507421e+01 -1.472921126333159294e-03 6.897176289455452317e-03 6.956032689739951799e-03
6.553833451770749718e+01 -1.503752268078346974e-03 7.757493048608067945e-03 1.162104937638791177e-02
6.703335602161681095e+01 -4.418602210740379835e-05 9.408030861774439521e-03 1.037341133804862807e-02
6.852810578403183683e+01 2.400855010802521554e-03 9.950722007822907639e-03 7.388217284744200315e-03
7.002289138324582041e+01 7.099922564748010340e-04 9.983669203507655743e-03 1.009376207130023399e-02
7.151760684302924176e+01 1.446819456781905716e-03 1.089247787607810179e-02 8.487514651113373110e-03
7.301292759144959632e+01 1.363002677816236175e-03 1.569076733187414058e-02 1.079707153461186009e-02
7.450730619965347046e+01 2.107424320702743110e-03 1.326236258062965176e-02 1.382181672333141972e-02
7.600274407939207322e+01 3.309094788303415004e-03 1.809475562592415682e-02 1.460837319057105288e-02
7.749791232645243610e+01 4.395589227253979617e-03 2.338959668311862278e-02 2.053094480941832639e-02
7.899207438772421597e+01 5.821367652699666051e-03 2.438236869292193659e-02 2.134881496360011705e-02
8.048704712417476514e+01 5.745526829971448271e-03 2.799226843674089762e-02 2.360628510552508982e-02
8.198235057782883928e+01 6.881965656104965801e-03 2.864847876610367855e-02 2.974049246946351352e-02
8.347700574396169770e+01 7.623951252812491766e-03 3.318864440870320648e-02 3.497730426418442506e-02
8.497187997560278916e+01 8.855036355242136212e-03 3.897865301990224157e-02 4.111314120405090006e-02
8.646698547974533255e+01 9.449494758875250089e-03 4.355973084688075092e-02 4.791535613606363181e-02
8.796179493281081818e+01 1.110483327575503137e-02 4.874636278210666557e-02 5.438850945412554427e-02
8.945646578992575826e+01 1.324848003070084115e-02 5.517175510729357274e-02 6.210094696734375086e-02
9.095144107076848172e+01 1.402615080301264014e-02 6.422748502124349390e-02 7.688569037875882251e-02
9.244640916747258075e+01 1.617694657231249361e-02 7.494771814073308835e-02 9.603708626859974729e-02
9.394170245315949330e+01 1.981820985170179919e-02 9.075859167940400485e-02 1.253466513483212363e-01
9.543668991281847980e+01 2.428402222401391392e-02 1.138968989280089439e-01 1.585735110020016769e-01
9.693157704015496279e+01 2.736406275599191987e-02 1.293168724273486836e-01 1.880134942346404769e-01
9.842588806496102904e+01 2.716399929811498873e-02 1.254289931188262708e-01 1.821214896811576556e-01
9.992111153317929961e+01 2.363852004262777598e-02 1.053959176873186798e-01 1.485818853244692261e-01
1.014158713291430018e+02 1.916652747637013002e-02 8.568567497123029397e-02 1.143893688976860001e-01
1.029106695787155559e+02 1.708387254808411276e-02 7.304550261805012323e-02 9.046649773397387462e-02
1.044055966316459489e+02 1.474018664731102136e-02 6.513971835618789785e-02 7.423782555824924578e-02
1.059010885942634985e+02 1.308439093114846172e-02 5.530543823001641407e-02 6.110056633382783542e-02
1.073954295123751308e+02 1.158884527937672007e-02 4.941225156009167174e-02 5.276509029767675191e-02
1.088905119071222742e+02 1.072634944477848101e-02 4.463212815396017802e-02 4.344544169399480738e-02
1.103859046124573524e+02 9.855099192046100354e-03 3.907946605764833076e-02 3.813520731555475329e-02
1.118807160604274316e+02 7.856053650241324321e-03 3.503858542419485689e-02 3.430396834927315619e-02
1.133759684540074630e+02 7.531560916138690595e-03 3.073535422820884364e-02 2.838141973561381787e-02
1.148707918986794141e+02 7.154314105853265549e-03 2.968290054582408202e-02 2.450333643647429130e-02
1.163654624445652388e+02 6.671815875631395727e-03 2.603109184362200137e-02 2.045273048547817732e-02
1.178606722694233184e+02 6.623216742295852735e-03 2.360884361216641567e-02 1.642855496807393498e-02
1.193554696247574327e+02 5.845415760272929320e-03 2.176736396301016258e-02 1.381310059466236626e-02
1.208504752154298103e+02 5.154793489449327817e-03 1.892302948272255383e-02 1.020633655081501154e-02
1.223453442818899219e+02 4.774183257385148337e-03 1.814336435163600714e-02 1.051073126833405175e-02
1.238402518868868754e+02 4.017357496685922472e-03 1.709043200401934998e-02 9.528338236879737091e-03
1.253354747270630440e+02 4.078446337030297228e-03 1.512035105040702467e-02 8.275866621021397279e-03
1.268304445710255806e+02 3.918069697154124079e-03 1.196356615936173054e-02 5.037696103838630764e-03
1.283253230179433899e+02 4.298224025708277315e-03 1.109092547458852968e-02 3.020789698622049820e-03
1.298202395713966837e+02 3.375923613607762115e-03 1.072263645916543898e-02 2.362674023408658196e-03
1.313152025632320488e+02 2.837139308092639315e-03 9.161979772739367936e-03 8.530713970609658716e-04
1.328100696583689455e+02 2.548601370246200617e-03 7.399599762665375058e-03 -1.511670471426164930e-03
1.343054129156925001e+02 2.738560208083908303e-03 7.903639596856099764e-03 -1.644139749698328131e-03
1.358003514329835753e+02 2.719839993855654829e-03 8.141996819822491446e-03 -1.406188433449963369e-04
1.372951535749718630e+02 2.269427565474155424e-03 6.281103655496979299e-03 -2.546061728283858204e-03
1.387898375549507932e+02 2.387990939368414643e-03 7.036515583308117217e-03 -1.144776274954538648e-03
1.402848997759784311e+02 1.350547308670143167e-03 5.108766391957650192e-03 -7.470478539544859325e-04
1.417803439304121298e+02 2.200932658843876219e-03 4.347847899287408599e-03 -2.483828617121740419e-03
1.432749980959817435e+02 1.533431461805406446e-03 5.539948576108699209e-03 -3.786983271278293074e-03
1.447701468877925777e+02 1.486584570305691340e-03 3.979141819206671524e-03 -1.926235585810403108e-03
1.462650771593424395e+02 1.634942675885052042e-03 4.644688642556838581e-03 -9.558843123525504522e-04
1.477600371022862760e+02 1.473717895778408737e-03 3.328063199803641542e-03 -1.260478765049809517e-03
1.492551580310726820e+02 9.233639709929619948e-04 2.406103179776428701e-03 -1.484174340924242826e-03
