1.537118437270747151e+00 1.233615190973948827e+01 -3.457173735022792904e+00 5.417102495005252649e-01
2.801770289540673975e+00 8.945136796238941201e+00 -1.756409856897207744e+00 9.648550647849505335e-01
4.256842646958157950e+00 4.523317939550149269e+00 -1.401507892916192155e+00 1.368283736989410748e+00
5.752879513721596894e+00 2.567479590911106779e+00 -1.322959664826534931e+00 7.938647105516536406e-01
7.249303140530810374e+00 1.667988916772211505e+00 -1.039326544231750304e+00 4.627327158037877197e-01
8.744180566419981204e+00 1.179389043296676487e+00 -7.782023894693677057e-01 3.038490921371577169e-01
1.023849746130543537e+01 8.800909850213507468e-01 -5.867439111406757002e-01 2.156818926548300930e-01
1.173242778335274394e+01 6.821724540509430668e-01 -4.544547156470740146e-01 1.607208754287324237e-01
1.322636492253957918e+01 5.430193550850878070e-01 -3.603210395466612259e-01 1.209380015286530552e-01
1.472039981786074847e+01 4.409769733824962512e-01 -2.911816139872969167e-01 9.380702567654529422e-02
1.621441241193130622e+01 3.636504669008507329e-01 -2.405545898800897364e-01 7.418954793586783614e-02
1.770857678818224556e+01 3.037962828567582485e-01 -2.020393892710529160e-01 5.843251357805814145e-02
1.920278045849538984e+01 2.565771848755507567e-01 -1.725572425100709295e-01 4.753010048344935567e-02
2.069706814508186810e+01 2.184865932091744900e-01 -1.492779032981433607e-01 3.831767805690892981e-02
2.219139680359782929e+01 1.873396047136652587e-01 -1.302769742637435724e-01 3.147751845657605768e-02
2.368574809464654152e+01 1.616940372361735379e-01 -1.151835382949812081e-01 2.636204229744859226e-02
2.518014757406011483e+01 1.403138825690214420e-01 -1.025138858141572823e-01 2.241972136224399878e-02
2.667461391260528458e+01 1.221593939569787929e-01 -9.218808642888598470e-02 1.887498498482663781e-02
2.816917895288673179e+01 1.070637407712698441e-01 -8.318458785625376661e-02 1.613802988798954119e-02
2.966369367683618918e+01 9.411876601795492181e-02 -7.542544860073319146e-02 1.383105033104555306e-02
3.115824436713444356e+01 8.301105900876720733e-02 -6.895567232057546458e-02 1.222583556817523689e-02
3.265289928213251613e+01 7.325905322994957780e-02 -6.336814428643790242e-02 1.055257731103693628e-02
3.414750564499989594e+01 6.507252099821211888e-02 -5.820393863891495934e-02 9.491355531072248608e-03
3.564216143369095136e+01 5.771029061069469362e-02 -5.348512131958162857e-02 8.550291682454604775e-03
3.713684276357639646e+01 5.133823082880910327e-02 -4.985412582404284698e-02 7.547786090409499236e-03
3.863154443933461124e+01 4.590161658527904670e-02 -4.607308330195156176e-02 6.914170256730614063e-03
4.012623927011830460e+01 4.090902281784723066e-02 -4.256730304972613371e-02 6.214825265647677677e-03
4.162098459484067092e+01 3.669515415608772674e-02 -4.000706301360237860e-02 5.497628203827778504e-03
4.311568312836008232e+01 3.282627668724370784e-02 -3.741775584836124630e-02 4.612072042236024620e-03
4.461048398157804940e+01 2.954233986271468868e-02 -3.486748099324631089e-02 4.312128211295607021e-03
4.610524539250576481e+01 2.659884842098994909e-02 -3.264240246305130655e-02 4.071957786899867496e-03
4.760001524832637898e+01 2.394550600849713884e-02 -3.056510398171244716e-02 3.966754460587624750e-03
4.909481242445271931e+01 2.160769685646943272e-02 -2.871186059161938767e-02 3.451927945012667545e-03
5.058961023819136216e+01 1.941110611215022749e-02 -2.692582859288967026e-02 3.165081375420977870e-03
5.208441885617838096e+01 1.755831137741446432e-02 -2.538704710916005886e-02 3.011152587822216696e-03
5.357926713078022374e+01 1.588505444597827082e-02 -2.380223218092549289e-02 2.690049238327021225e-03
5.507406168341847774e+01 1.440389141076778637e-02 -2.233258286555094702e-02 2.453592791433220708e-03
5.656893242163911850e+01 1.301558649410646321e-02 -2.115808871459914919e-02 2.459237115007904644e-03
5.806375792697260607e+01 1.182369532817192231e-02 -1.969732997518844689e-02 2.296528881920127576e-03
5.955863688878255857e+01 1.070089431327704566e-02 -1.847809948196818541e-02 2.452222453725471686e-03
6.105347436804511574e+01 9.741249036505625347e-03 -1.728080900586843535e-02 2.326297874032158888e-03
6.254833690830592730e+01 8.861865312911098094e-03 -1.616943414047319200e-02 2.430445690538277428e-03
6.404322200116244801e+01 8.072783116727148822e-03 -1.497350358175797772e-02 2.627599142888425044e-03
6.553810251430294898e+01 7.367345870978773449e-03 -1.403080669710698135e-02 2.870699299353401002e-03
6.703298130767075236e+01 6.717153086364426907e-03 -1.288325110803442003e-02 2.910782668795141876e-03
6.852787057311597607e+01 6.209006773937540344e-03 -1.188530817092170802e-02 3.156183852211032117e-03
7.002274679199931029e+01 5.710619827847092204e-03 -1.087179319914118383e-02 3.377536127037996001e-03
7.151763720992097717e+01 5.374237890947580927e-03 -9.714823341156869282e-03 3.682124823777157760e-03
7.301255847750093153e+01 4.984723198602091301e-03 -8.690463066583236154e-03 4.212616003825808350e-03
7.450745873624667581e+01 4.700851905858011680e-03 -7.476805440154347428e-03 4.557051006367935156e-03
7.600236661191483734e+01 4.426135529148915969e-03 -6.387920591573502047e-03 5.015251276424739085e-03
7.749728129251208486e+01 4.348895117878358307e-03 -5.168596133753341863e-03 5.541239546558288098e-03
7.899220468491667191e+01 4.215669209964270810e-03 -3.983280115112095704e-03 6.276342795979347397e-03
8.048713359281659052e+01 4.169503015514834827e-03 -2.795411474581743511e-03 6.936157792965835442e-03
8.198205604993519557e+01 4.268737262624494946e-03 -1.396859871017370937e-03 7.935764377393798169e-03
8.347698135277371989e+01 4.378072501150054828e-03 -1.537280224077121631e-04 9.203012962982466336e-03
8.497190600067666821e+01 4.611746438260508514e-03 1.414871983590004637e-03 1.056433430163342471e-02
8.646685041524047222e+01 4.938903460799789515e-03 2.859891302395342529e-03 1.211658283173831611e-02
8.796178272061779069e+01 5.390516534070702304e-03 4.570353125795817428e-03 1.417080565327167446e-02
8.945673710392628664e+01 5.888846439496588092e-03 6.481261967755758656e-03 1.668910932381208537e-02
9.095166347821509589e+01 6.508418773350788979e-03 8.711213935190233182e-03 1.980985458368543506e-02
9.244662874380252049e+01 7.312071558032805577e-03 1.170193623421444083e-02 2.438417825440434422e-02
9.394157485423886556e+01 8.232797916101300753e-03 1.571903858843080176e-02 3.077215954232535161e-02
9.543651531567978452e+01 9.396270445876767768e-03 2.076040135977958237e-02 3.919183906302892151e-02
9.693137178643326024e+01 1.035339384729209652e-02 2.491594513111550918e-02 4.611846709015130635e-02
9.842623585730774494e+01 1.019162157032110598e-02 2.421712504812899638e-02 4.438549529492567119e-02
9.992112277534343434e+01 9.239282135458630127e-03 1.970667472279168803e-02 3.635930434076612566e-02
1.014160676842774649e+02 8.262117958125075184e-03 1.546900489762335039e-02 2.858194308278557902e-02
1.029110287190375317e+02 7.448985003408701254e-03 1.237586154997113649e-02 2.294804999677393584e-02
1.044059973033394755e+02 6.728962077421768440e-03 1.022034702388203466e-02 1.894729260055452377e-02
1.059009456632364987e+02 6.078721488272641540e-03 8.495412929748921010e-03 1.577582397545674447e-02
1.073959056362218263e+02 5.480927280977259709e-03 7.250459897179322051e-03 1.340573929510785640e-02
1.088908435763905374e+02 4.862399946631525659e-03 6.117214402485989140e-03 1.140988003665243528e-02
1.103858047023059754e+02 4.289400939321866453e-03 5.257785558435143676e-03 9.833440838937017661e-03
1.118807671193687838e+02 3.734524141416283114e-03 4.442596067869577191e-03 8.458665178754608965e-03
1.133757180141433452e+02 3.228860235826807798e-03 3.709251999458830582e-03 7.331909364962776315e-03
1.148706867156612503e+02 2.751716752119566685e-03 3.014792102545254485e-03 6.289108976619325192e-03
1.163656506950326417e+02 2.290073027202908004e-03 2.495175145608191820e-03 5.420122411638712140e-03
1.178606111249215758e+02 1.903711137402422328e-03 1.926771809114881081e-03 4.577234434130683996e-03
1.193555653801162890e+02 1.550982564053899736e-03 1.399247620075848905e-03 3.893573426808529057e-03
1.208505419345257224e+02 1.196845432087827741e-03 9.948089449641241144e-04 3.372250254268763410e-03
1.223455139568187917e+02 9.040066355135284708e-04 7.007664079312208314e-04 2.837443939904216346e-03
1.238404718897247676e+02 6.437713223196911329e-04 3.342810918578832452e-04 2.393668592029295650e-03
1.253354410232309561e+02 4.248239767846500258e-04 3.665685597294977681e-05 1.986119213562551489e-03
1.268304104471029063e+02 2.356791599377598993e-04 -2.009639018827740766e-04 1.667449864956303080e-03
1.283253772113023956e+02 7.884545243475580591e-05 -3.299631152555099005e-04 1.381247020143360881e-03
1.298203548514982799e+02 -6.424713184279634765e-05 -6.256435645642007817e-04 1.101844163974668306e-03
1.313153291569865644e+02 -1.775091035625679019e-04 -8.011243634525163021e-04 8.212366721972625154e-04
1.328102948326717012e+02 -2.957139902257808952e-04 -9.827963017707151607e-04 6.301821152283811631e-04
1.343052652545493686e+02 -3.474897497875371584e-04 -1.053548002358026823e-03 4.882536042147144102e-04
1.358002436968676818e+02 -4.541798150884035945e-04 -1.147737545314574115e-03 2.348466040109879619e-04
1.372952012082858460e+02 -5.125425906148117772e-04 -1.286091224480504554e-03 5.748734075792335027e-05
1.387901782794588428e+02 -5.805186796364710444e-04 -1.353558961144974955e-03 -3.660896016876718655e-05
1.402851462822952442e+02 -6.421630932654182403e-04 -1.440404216915140744e-03 -1.480872897873247588e-04
1.417801293355191490e+02 -6.444742155064618746e-04 -1.496079213891163447e-03 -2.220045607849648625e-04
1.432750939772951710e+02 -6.699620222979204209e-04 -1.514547223668053682e-03 -2.002130763094441717e-04
1.447700743367599898e+02 -6.856365203284158719e-04 -1.542184698637447202e-03 -3.804130812940417208e-04
1.462650488921373153e+02 -7.051992290736841702e-04 -1.526643807553613660e-03 -3.893056552948521271e-04
1.477600218480232002e+02 -7.361014415663254609e-04 -1.522796253978117055e-03 -4.757288297725676828e-04
1.492549942288079308e+02 -7.299151346389769765e-04 -1.595646472172897179e-03 -4.608659598496098685e-04
