1.537126820168595698e+00 1.343738209836544328e+01 -3.766508698687511369e+00 5.811847664228672050e-01
2.801107154677441979e+00 9.738543096579904912e+00 -1.909902568078637008e+00 1.054803133560493711e+00
4.255758361474257789e+00 4.926470287525788194e+00 -1.526803087611793730e+00 1.489722283068038999e+00
5.751777933896281780e+00 2.796036385550945358e+00 -1.440190572501808930e+00 8.651322291340208803e-01
7.248413483089232834e+00 1.816540414663804004e+00 -1.131958124160329371e+00 5.039871888458132831e-01
8.743359047813415330e+00 1.284493662609103914e+00 -8.471545501034204451e-01 3.318575600398716574e-01
1.023775758347869136e+01 9.587019121299891200e-01 -6.391809738680948039e-01 2.352409711579959151e-01
1.173179868563617489e+01 7.430848592746868153e-01 -4.951307411736640129e-01 1.741523459315295064e-01
1.322584596895060116e+01 5.916106131557886672e-01 -3.919313208986446306e-01 1.319516599673833113e-01
1.471998670996666192e+01 4.805825183412184565e-01 -3.168260104450613124e-01 1.017567422693922558e-01
1.621406571526198093e+01 3.963826081016744163e-01 -2.619810093451410138e-01 8.056544016425273846e-02
1.770824466017463550e+01 3.311210353244724569e-01 -2.199176641601426896e-01 6.401859612827505430e-02
1.920250714478146392e+01 2.797139682191908672e-01 -1.880691715349576132e-01 5.142390144669574392e-02
2.069679596958908263e+01 2.382462162053483046e-01 -1.623675194762596585e-01 4.172994626566087217e-02
2.219114466425172338e+01 2.043763277421567215e-01 -1.415839180479175063e-01 3.456766516714859100e-02
2.368557322960173650e+01 1.763933463029461468e-01 -1.251821435573564067e-01 2.857880953523990811e-02
2.518002497005090845e+01 1.530768261364789939e-01 -1.115296112523944810e-01 2.421222050060077916e-02
2.667446523156287341e+01 1.333712039000778671e-01 -1.001732822783577559e-01 2.036542986578411887e-02
2.816906762335993264e+01 1.169149781114843939e-01 -9.040527675693207921e-02 1.738791517333413555e-02
2.966359261337651532e+01 1.027494055735889006e-01 -8.193995977837087441e-02 1.486092625927414208e-02
3.115814256915908942e+01 9.069800529735394523e-02 -7.483992908673375855e-02 1.335361419816392947e-02
3.265279673623631140e+01 8.020841247982334055e-02 -6.853664988057518725e-02 1.133898540629308532e-02
3.414740930759023030e+01 7.119937047522409412e-02 -6.283522192730460476e-02 1.023740517434558808e-02
3.564209133765163529e+01 6.316410957119519831e-02 -5.792953270768889246e-02 9.048669590057548465e-03
3.713680024686914294e+01 5.626579767790770847e-02 -5.366061775376535642e-02 7.935103931385530107e-03
3.863149230494792619e+01 5.029461714683305940e-02 -4.979327967540939093e-02 7.394114108423052896e-03
4.012619500280230511e+01 4.492450624635852680e-02 -4.605862984140384614e-02 6.504676416146718682e-03
4.162092501283974855e+01 4.030831510944938439e-02 -4.317977371096773376e-02 5.586061565036146148e-03
4.311564052858189200e+01 3.609141949851428499e-02 -4.027737347121936040e-02 5.048030745510952676e-03
4.461044264385817826e+01 3.247205458073736117e-02 -3.761643341233684990e-02 4.552133130997958015e-03
4.610523473852151000e+01 2.925130619329447540e-02 -3.521678186691536844e-02 4.102483406965675219e-03
4.760001651076974127e+01 2.632966964531491955e-02 -3.311204548007471576e-02 3.978945099194779352e-03
4.909479485327636894e+01 2.380043868018549835e-02 -3.101304344769636318e-02 3.520746841896568030e-03
5.058958989902646408e+01 2.140677757360998773e-02 -2.909779688110852858e-02 3.363431846288320298e-03
5.208440556136011423e+01 1.937728779577841884e-02 -2.735991777408776013e-02 3.053889696907157586e-03
5.357924263294528799e+01 1.750793608002381915e-02 -2.579198356274444576e-02 2.792218080361717671e-03
5.507406229509941653e+01 1.582493745722898110e-02 -2.429873866579228964e-02 2.622645598094198571e-03
5.656891208165094298e+01 1.438415809664346165e-02 -2.298685377055557574e-02 2.420266396066614312e-03
5.806374315770043637e+01 1.301077336133931242e-02 -2.152525807635885524e-02 2.294952135162153448e-03
5.955862419684142139e+01 1.176185203014566867e-02 -2.029244248249941276e-02 2.394807156954535839e-03
6.105345667757281092e+01 1.068454597807902938e-02 -1.906546372058047153e-02 2.235866056314739312e-03
6.254832437524193978e+01 9.701962122604134917e-03 -1.793573990599666226e-02 2.300181060860643015e-03
6.404321094879487930e+01 8.816128575206772303e-03 -1.674180229200060779e-02 2.365612105021540519e-03
6.553808278067867832e+01 8.020041469010251098e-03 -1.575491650872942392e-02 2.540767224048906796e-03
6.703298185710427504e+01 7.292785339624670814e-03 -1.479807963900643328e-02 2.546213702126504802e-03
6.852785727505340674e+01 6.706674258990041361e-03 -1.371092757784173229e-02 2.634551925516756717e-03
7.002274746041207720e+01 6.097392470215615666e-03 -1.264171692125760568e-02 2.874765231679250483e-03
7.151762822399972208e+01 5.631926410469904366e-03 -1.158310010039943772e-02 3.079021942071613789e-03
7.301255577245609629e+01 5.224061576821512759e-03 -1.056363741201015588e-02 3.392309070614049800e-03
7.450744374673068648e+01 4.848077285928555254e-03 -9.520798110678227455e-03 3.595553201529728266e-03
7.600236149881565950e+01 4.503227558749729048e-03 -8.560055167408705395e-03 3.960771456966644295e-03
7.749727147209416955e+01 4.303851373693789485e-03 -7.462923552202975833e-03 4.367107894020279962e-03
7.899218890581404651e+01 4.135608007424347414e-03 -6.425601485722950111e-03 4.750304548826771688e-03
8.048711811544949057e+01 4.022489998661716443e-03 -5.379730421836564913e-03 5.241688204893753429e-03
8.198204565496520502e+01 4.051212708528767990e-03 -4.290608770969056400e-03 5.951060611269361721e-03
8.347697643920785993e+01 4.109792314380529554e-03 -3.179591863805842668e-03 6.811286135027512338e-03
8.497190209649001247e+01 4.278721556504896939e-03 -1.867295538234214078e-03 7.795945319504189903e-03
8.646684702740708417e+01 4.500544608144804899e-03 -6.825097435971510650e-04 8.909363298906063100e-03
8.796177665165822646e+01 4.902650008008856315e-03 6.471628782044292708e-04 1.036706543392352728e-02
8.945672440461153485e+01 5.307375387308414100e-03 2.153432127968874475e-03 1.219099088998449633e-02
9.095165099965876720e+01 5.825672672337236721e-03 3.809027411363471918e-03 1.450013162594819723e-02
9.244660171758940237e+01 6.489787009245970642e-03 6.106725535549532152e-03 1.772692632349625458e-02
9.394156174226620237e+01 7.190600700208424345e-03 9.051797489894089152e-03 2.226578341624165305e-02
9.543648442344695582e+01 8.089132975200082759e-03 1.270682515321373482e-02 2.833668657257390477e-02
9.693137452258578435e+01 8.813010116992455248e-03 1.570912661834309582e-02 3.318401072044978306e-02
9.842624981227341152e+01 8.721585537479651512e-03 1.533783164616263350e-02 3.199885882614704469e-02
9.992114474087681231e+01 8.021912544783375495e-03 1.217004660675812845e-02 2.625002993086128153e-02
1.014160886541788074e+02 7.295266997402250972e-03 9.188749871622884507e-03 2.058816220858582582e-02
1.029110451388645231e+02 6.660435338207234060e-03 7.017186830318546467e-03 1.656875603786305690e-02
1.044059992643517347e+02 6.043466780423349151e-03 5.560242395704532471e-03 1.365301089427345578e-02
1.059009435925444791e+02 5.477852817801860154e-03 4.470957492010669415e-03 1.140649221392524282e-02
1.073959097006015782e+02 4.948303873553218726e-03 3.647388251011019367e-03 9.677427114046779563e-03
1.088908528683158750e+02 4.382291301798920888e-03 2.800582943221237905e-03 8.226312798162943238e-03
1.103858155402975854e+02 3.859955676830395966e-03 2.285770929092649072e-03 7.133387518594786619e-03
1.118807721371212125e+02 3.341719004509691171e-03 1.776817393681125873e-03 6.155501129141340705e-03
1.133757213470327656e+02 2.815376667226084356e-03 1.250670942496985355e-03 5.377231538249991998e-03
1.148706819051681833e+02 2.380678783695766056e-03 8.563324704464204398e-04 4.594304442911456218e-03
1.163656489553196423e+02 1.930960238549452338e-03 4.294264181837725001e-04 3.969690226661094952e-03
1.178606207743941496e+02 1.532743192190829480e-03 6.507884522449518727e-05 3.377104505491836019e-03
1.193555704774377375e+02 1.186814464155919006e-03 -2.981647070318275755e-04 2.888189242924155825e-03
1.208505352646182871e+02 8.563965109056499714e-04 -5.521318716097884435e-04 2.496178765564969863e-03
1.223455211872785782e+02 5.831657792535136766e-04 -7.197317330809442941e-04 2.141078908622064125e-03
1.238404742844234647e+02 3.475146951929945272e-04 -1.000428920833459651e-03 1.804916332679472454e-03
1.253354488837164951e+02 1.423843443781994979e-04 -1.170746092809955754e-03 1.466671789335270010e-03
1.268304032298074162e+02 -3.074938310876397122e-05 -1.343834694272519380e-03 1.286628131269656116e-03
1.283253819213433928e+02 -1.762600252222835950e-04 -1.418744069998743558e-03 9.819190673093607102e-04
1.298203465026998060e+02 -3.127520354802695640e-04 -1.587205505761306486e-03 8.344913071930034872e-04
1.313153267433080487e+02 -4.368195364535012700e-04 -1.694237081201152486e-03 6.497241980803072177e-04
1.328102964025195547e+02 -5.367631688315956193e-04 -1.776108064728780045e-03 4.735522701493315298e-04
1.343052673946790208e+02 -5.874673293665890611e-04 -1.844912511238450863e-03 4.288506077059870292e-04
1.358002462346636321e+02 -6.733820122678315376e-04 -1.878252611391458254e-03 2.194346946957676403e-04
1.372952005160425415e+02 -7.137459430477576189e-04 -1.920047078924701656e-03 8.827305233147740831e-05
1.387901767668844855e+02 -7.537099733632291864e-04 -1.926105431559884187e-03 3.029863915001791542e-05
1.402851490930591751e+02 -7.946610598213733325e-04 -1.985245807136372127e-03 -4.079394331245630556e-05
1.417801302971065240e+02 -8.159571313180910253e-04 -1.990466313894598011e-03 -9.542511843585780272e-05
1.432750978294581898e+02 -8.303260870954593626e-04 -2.017492427769513458e-03 -1.440708862855161361e-04
1.447700810874342494e+02 -8.414148423153191289e-04 -2.008857661626192379e-03 -2.509611305131887555e-04
1.462650460229696421e+02 -8.379913624936480071e-04 -1.985487409218636163e-03 -2.679731950732527077e-04
1.477600274782905387e+02 -8.481225975528123347e-04 -1.944883567438747581e-03 -3.015263269741464205e-04
1.492549973418209959e+02 -8.550564731258056576e-04 -2.004922493145579188e-03 -3.287432070580129811e-04
