1.537398477669614572e+00 1.560077711171763148e+01 -4.377759934774068995e+00 6.783428513342375510e-01
2.800180649189029314e+00 1.130839644588585280e+01 -2.221866726675682635e+00 1.224483457829611988e+00
4.254079943498669358e+00 5.720005751534696259e+00 -1.771988379574023664e+00 1.731209124724606641e+00
5.749982040889248580e+00 3.246689881617907947e+00 -1.672076191731520112e+00 1.005602068523715031e+00
7.246747034389739994e+00 2.109416753323115845e+00 -1.313661583836817748e+00 5.849635164952596833e-01
8.741933360665507635e+00 1.491929447175360357e+00 -9.830011714361764907e-01 3.851308523904785064e-01
1.023653978906421180e+01 1.113409590591860843e+00 -7.417680208741233017e-01 2.729515811581203488e-01
1.173070389890784426e+01 8.631967465944379025e-01 -5.740361123834648582e-01 2.025067367805606089e-01
1.322489869237098326e+01 6.872139462551006828e-01 -4.541541863615135566e-01 1.531046434269990875e-01
1.471914106366697084e+01 5.583436059498299020e-01 -3.674911537344393575e-01 1.179750749622498623e-01
1.621334827302986170e+01 4.605867758360139841e-01 -3.034974628808468355e-01 9.333939507926349022e-02
1.770765623746945039e+01 3.849861191889046852e-01 -2.549559778316027869e-01 7.420382638097136607e-02
1.920197264011237337e+01 3.252191341307457684e-01 -2.173417132352214176e-01 5.976703190336823263e-02
2.069634630671901832e+01 2.770430873508932246e-01 -1.877014577097934900e-01 4.830143304186045733e-02
2.219075667029853705e+01 2.378080131450408807e-01 -1.637702367821277649e-01 3.995527802093708225e-02
2.368520143246554710e+01 2.053098115392268941e-01 -1.447586335179806005e-01 3.316529499573542955e-02
2.517969048640582486e+01 1.783357892418959700e-01 -1.288076778770793629e-01 2.779459213952411092e-02
2.667420699468462431e+01 1.554612242781156228e-01 -1.154803452342008929e-01 2.340146065108981641e-02
2.816881690433279317e+01 1.362491272475115922e-01 -1.040491092233508663e-01 1.998080744147620255e-02
2.966340602955746064e+01 1.197981580068471497e-01 -9.435615288556536973e-02 1.716478470204480661e-02
3.115795327780871915e+01 1.058834927772090151e-01 -8.610186610483308578e-02 1.494626033011416111e-02
3.265264169199537037e+01 9.370008269132665268e-02 -7.869132630648488502e-02 1.299382779672280525e-02
3.414727165784593410e+01 8.326562975703677427e-02 -7.225873584204568767e-02 1.157033196699484671e-02
3.564196734976154346e+01 7.393735340715668070e-02 -6.654412296262798843e-02 1.013824620222910679e-02
3.713667635465419892e+01 6.591187426897755774e-02 -6.158353275820669520e-02 8.972004787822554159e-03
3.863138293825938518e+01 5.899188237182796668e-02 -5.714844594205615441e-02 8.273616176381727930e-03
4.012611898634263952e+01 5.279308500519548641e-02 -5.284918183784061141e-02 7.217484423903345291e-03
4.162084445976771718e+01 4.738350589339218599e-02 -4.955134068861184737e-02 6.359858062774897611e-03
4.311555847446201284e+01 4.244754512306523481e-02 -4.630423546370503879e-02 5.468316893085589832e-03
4.461037639301693503e+01 3.824923423620413959e-02 -4.324236540894770692e-02 4.892176776776845787e-03
4.610516241902701751e+01 3.446778628863206295e-02 -4.050412288655793475e-02 4.412684201182767545e-03
4.759993836773012532e+01 3.111672033736076134e-02 -3.799831908612621989e-02 4.162382607362406957e-03
4.909473935644706444e+01 2.808311104324578977e-02 -3.561851651002564956e-02 3.792216427405119706e-03
5.058953876517209380e+01 2.530784573866735540e-02 -3.360467694561324742e-02 3.520859211898801772e-03
5.208436082080080354e+01 2.292523267102055187e-02 -3.162601529434390379e-02 3.145247585915822690e-03
5.357920776094179871e+01 2.072560493563633741e-02 -2.977107894903326113e-02 2.873957579410935798e-03
5.507401574453075455e+01 1.875768301425296408e-02 -2.823312121432048835e-02 2.684336463630528774e-03
5.656887909244578339e+01 1.697737763512156134e-02 -2.676873647085536642e-02 2.422740019391142387e-03
5.806371584219207449e+01 1.537522594533260144e-02 -2.517481672578164575e-02 2.212445414011168180e-03
5.955859323533121596e+01 1.388332227033101801e-02 -2.386402519799806984e-02 2.143765005504747866e-03
6.105342718247540290e+01 1.258000812702990759e-02 -2.255428517906902727e-02 2.036558342110307042e-03
6.254829383178193325e+01 1.138827758280656390e-02 -2.137614847922857109e-02 1.920697193833521138e-03
6.404318852637470627e+01 1.028790586622907975e-02 -2.016792742941330568e-02 1.914116654028804850e-03
6.553805960309111356e+01 9.297931186079952393e-03 -1.922262831622402468e-02 2.044123879448488980e-03
6.703295970163455308e+01 8.381280699388015884e-03 -1.826542266346851962e-02 1.890384899302504588e-03
6.852783540325047795e+01 7.646544359487237631e-03 -1.724454554644399076e-02 1.875600960610011294e-03
7.002272217868198823e+01 6.881970362152662300e-03 -1.635222116584223936e-02 1.913306851206596345e-03
7.151760706474232165e+01 6.276034908284613967e-03 -1.534117001022600353e-02 1.905999471352901389e-03
7.301253563416182146e+01 5.665476603280469869e-03 -1.453495870339516390e-02 2.011714437556905589e-03
7.450742700412422437e+01 5.150401714710303724e-03 -1.358942425777874205e-02 1.871690371427758631e-03
7.600234095781333110e+01 4.650705403214456385e-03 -1.285461536381272800e-02 1.954994372281233014e-03
7.749725873976699120e+01 4.302936545767306609e-03 -1.193967073715554265e-02 1.921457681262470161e-03
7.899217830447031474e+01 3.995639791883693649e-03 -1.124291872064644288e-02 1.963760002096265594e-03
8.048710010649199376e+01 3.753746067627120563e-03 -1.050341302275261714e-02 1.922669354734270501e-03
8.198203583071784806e+01 3.646681659529041331e-03 -9.752261541317135130e-03 2.068849831146170760e-03
8.347696083996494565e+01 3.574456681224062564e-03 -9.117132088960628808e-03 2.246182544021162967e-03
8.497188332852475412e+01 3.592188205910295390e-03 -8.273981391006435260e-03 2.422305585996487910e-03
8.646682784217392737e+01 3.686532378118087799e-03 -7.684814841816480988e-03 2.626121075959846844e-03
8.796175729409202404e+01 3.911495189354655296e-03 -7.025775498643740610e-03 2.999750463762196426e-03
8.945670408012350094e+01 4.164124328079594692e-03 -6.406749696192788959e-03 3.463795215980251894e-03
9.095162305453062856e+01 4.478850176715875805e-03 -5.803056313340486383e-03 3.899433160761508598e-03
9.244657092518673380e+01 4.835161248966720650e-03 -5.017580741686910456e-03 4.673867297854084231e-03
9.394150966641839773e+01 5.148892864151719331e-03 -4.147581944111716767e-03 5.654942973086807788e-03
9.543644063443251468e+01 5.504219302709730845e-03 -3.175452308631268161e-03 6.960318040445977357e-03
9.693135119628354346e+01 5.801930621749099536e-03 -2.346666697252048055e-03 7.960702096614853326e-03
9.842628400579181402e+01 5.819181310494686912e-03 -2.246976568793724281e-03 7.648346610737159074e-03
9.992119540087975338e+01 5.610815669895727331e-03 -2.791838936141606987e-03 6.376911365713116772e-03
1.014161292499628360e+02 5.365701546071515761e-03 -3.253717401874036373e-03 5.036577869657633648e-03
1.029110767820229313e+02 5.082419586307264370e-03 -3.562258919240730414e-03 4.121342407573321508e-03
1.044060311980828999e+02 4.698328220002977521e-03 -3.653033001367619100e-03 3.513983771279944029e-03
1.059009656280927061e+02 4.319281314697652821e-03 -3.723405967986154284e-03 2.899681924753434292e-03
1.073959279422804940e+02 3.899753932668707616e-03 -3.687906953590992971e-03 2.455491983970629986e-03
1.088908668578427950e+02 3.420143072200225454e-03 -3.735406101508507472e-03 2.069432570116838243e-03
1.103858136993805914e+02 2.986528297420564752e-03 -3.610519704178199660e-03 1.840524369825355736e-03
1.118807756639261299e+02 2.497472506299243562e-03 -3.598562515825780555e-03 1.624227539758270637e-03
1.133757278167603602e+02 2.052378306058185841e-03 -3.605933373091892418e-03 1.491766836581119322e-03
1.148706855675440437e+02 1.642027367767581909e-03 -3.586804616506314609e-03 1.295347132510602179e-03
1.163656490671073840e+02 1.223874670512660814e-03 -3.617092252349915840e-03 1.115686251729824984e-03
1.178606211413029285e+02 8.532994964850313269e-04 -3.663421142860930155e-03 9.677469298868879907e-04
1.193555753966726485e+02 5.334005626493361482e-04 -3.724823753217003028e-03 8.375106488548340888e-04
1.208505454055956534e+02 2.127300428475382662e-04 -3.739245641052601609e-03 7.363346939305259438e-04
1.223455204445640163e+02 -3.149678620174850433e-05 -3.650693564378092431e-03 6.995483338565241637e-04
1.238404805506297919e+02 -2.279212763797830346e-04 -3.665412829796862570e-03 5.858541817085907927e-04
1.253354498548315661e+02 -4.311262462260345078e-04 -3.640624094225155746e-03 4.551197639435177432e-04
1.268304122238452294e+02 -5.749634506040947855e-04 -3.630882960817606673e-03 4.456696630514431147e-04
1.283253861550590216e+02 -6.883751061231021358e-04 -3.499944968515061611e-03 3.293807699079208309e-04
1.298203546496444289e+02 -8.237846614892628191e-04 -3.533148943713042452e-03 3.484496634060050137e-04
1.313153258282196418e+02 -8.999064693167354440e-04 -3.520846670921449692e-03 2.728153570246942420e-04
1.328102983839343665e+02 -9.725925100812067526e-04 -3.450371068150953451e-03 1.987422053769106708e-04
1.343052740839998762e+02 -1.016745249637003882e-03 -3.392083833275367274e-03 2.471548994426354148e-04
1.358002467626038765e+02 -1.075456519469693848e-03 -3.318801075782432542e-03 1.495180337866262616e-04
1.372952034183319654e+02 -1.103937378173203837e-03 -3.266489422459817153e-03 6.359535587409626781e-05
1.387901799146344786e+02 -1.143908473177915157e-03 -3.170775628969153478e-03 6.767774482223850858e-05
1.402851483306352520e+02 -1.158124792469593595e-03 -3.175681625250530681e-03 3.263522966071481123e-05
1.417801326927882144e+02 -1.150101127356961943e-03 -3.090062643571363926e-03 7.923647672196787570e-05
1.432750981820942684e+02 -1.146500874130888933e-03 -3.019911798701976208e-03 1.034232989581306331e-04
1.447700853960229210e+02 -1.144793661182804106e-03 -2.972459918237189622e-03 -2.984780633882461604e-05
1.462650490800181728e+02 -1.129295927012659989e-03 -2.874415278187858989e-03 2.054982941233486826e-06
1.477600217981261892e+02 -1.149818225800869256e-03 -2.795225076024184050e-03 -2.051857301679646327e-05
1.492549969319535990e+02 -1.126087204785223292e-03 -2.755365712196096873e-03 1.045962866220637088e-05
