4.580602042461465184e-01 1.469555974659572878e-03 1.016144421489360988e-01
2.289251218961360301e+00 -9.131671960264780294e-04 5.523197726973891331e-02
4.218900607200358976e+00 -2.616291617421864259e-03 3.588752215552572233e-02
5.791024664193408000e+00 -1.929493886832759145e-03 2.711160906436078932e-02
7.278990890914666778e+00 -2.868477869379704864e-03 2.190135868244953363e-02
8.765009184371820083e+00 -3.481182793025683082e-03 1.910302518108548259e-02
1.025413098089888209e+01 -2.280534776191897942e-03 1.643131335375259960e-02
1.174429371146570311e+01 -3.054521459176008560e-03 1.500736132541750922e-02
1.323565563580132398e+01 -2.764540027160936921e-03 1.353509817826552449e-02
1.472788847800347156e+01 -2.961839694409829082e-03 1.228213832985738420e-02
1.622032795457462839e+01 -3.069846660518337714e-03 1.139462149723917059e-02
1.771346642807587202e+01 -3.002776152954972876e-03 1.030230767677023894e-02
1.920694563081680073e+01 -3.162063036939847995e-03 9.600175654864611177e-03
2.070044420725431067e+01 -3.307465051667598469e-03 8.978011211917756931e-03
2.219440855630711695e+01 -3.186952814243281147e-03 8.610664145911212444e-03
2.368827285221876977e+01 -3.551733520968220880e-03 8.105120226403476208e-03
2.518233439744023983e+01 -3.462669573454033641e-03 7.656354193595224684e-03
2.667649836754523918e+01 -3.276567528661252556e-03 7.113451329232339977e-03
2.817073834199812765e+01 -3.663503550932806566e-03 6.467258514712222531e-03
2.966501009687347690e+01 -3.567045737447266038e-03 6.242055320787580353e-03
3.115943295786343370e+01 -3.567766227265066568e-03 6.020628853206771817e-03
3.265405994033792325e+01 -3.654581810442166998e-03 5.724502973801774697e-03
3.414839521184347149e+01 -3.563828686204990621e-03 5.548345466530344404e-03
3.564293650889192833e+01 -3.767346019883634645e-03 5.406437791664289727e-03
3.713758532906597054e+01 -3.597117551076410135e-03 5.099333715159355511e-03
3.863212647156194635e+01 -3.562747881983144727e-03 4.940290393650684925e-03
4.012686413921050388e+01 -3.625317827900025307e-03 4.651064144716467869e-03
4.162145550776666170e+01 -3.461002546038465660e-03 4.600999409155733313e-03
4.311616618558623060e+01 -3.416418488260109052e-03 4.589018191120385406e-03
4.461083277150763138e+01 -3.280991762893931216e-03 4.288281898808842148e-03
4.610559873707497758e+01 -3.313614525742809847e-03 4.349813207427815492e-03
4.760033928853136587e+01 -3.066931829878845068e-03 4.056262896057779774e-03
4.909510527016226433e+01 -3.024248353619693637e-03 3.955814721621202235e-03
5.058988531648533638e+01 -2.751280526669255128e-03 3.979633779752267744e-03
5.208474742623403841e+01 -2.640024295207601783e-03 3.709399241745622595e-03
5.357951296854596990e+01 -2.281081859673163292e-03 3.704977328930955747e-03
5.507430756158432672e+01 -2.055190730334451044e-03 3.504471809331621574e-03
5.656913694565577089e+01 -1.715490172959772009e-03 3.451435181294654729e-03
5.806397971781328948e+01 -1.606002308991141304e-03 3.434364622343478914e-03
5.955878271019135894e+01 -1.230827558821517582e-03 3.377483790904177354e-03
6.105364720223801811e+01 -9.129036493773592421e-04 3.185474417270863032e-03
6.254852282334093161e+01 -5.584420284081517303e-04 3.088313393426683675e-03
6.404338835299071775e+01 -2.483241358260786995e-04 3.108943486423185448e-03
6.553826378064925962e+01 1.970271772625065490e-04 2.972876195185181983e-03
6.703303316626514174e+01 4.970812692781828883e-04 2.953913306689720780e-03
6.852799759822050873e+01 9.078868871566516362e-04 2.857663396393735847e-03
7.002287498017878420e+01 1.264083700483642058e-03 2.737778454862979487e-03
7.151776271740905599e+01 1.901826468599080236e-03 2.718310548808759112e-03
7.301263923201715045e+01 2.410504420210477471e-03 2.713818382495097881e-03
7.450756266741952061e+01 2.921919921535716044e-03 2.574428847656644662e-03
7.600246690725111876e+01 3.681726483456581808e-03 2.516506533210361232e-03
7.749737285189736724e+01 4.230449770657010271e-03 2.434160843016715346e-03
7.899230929461906214e+01 4.963341850417914494e-03 2.388726235371901527e-03
8.048719950519779331e+01 5.753389454107215618e-03 2.324437510934880720e-03
8.198213122644153827e+01 6.575570652722389359e-03 2.372874715984504401e-03
8.347711927545209676e+01 7.495256000579955842e-03 2.275899508195544738e-03
8.497200457067508239e+01 8.562160228923604982e-03 2.287718125374394677e-03
8.646694217756703438e+01 9.613510375396082733e-03 2.218538616109456355e-03
8.796187925621268278e+01 1.100441480770539444e-02 2.285190118441220251e-03
8.945681489761346938e+01 1.242702119592747553e-02 2.190466178392891893e-03
9.095177015891988503e+01 1.425334142663017313e-02 2.212663859340362020e-03
9.244673826310631171e+01 1.664247366094372127e-02 2.212000477560128152e-03
9.394170356036426028e+01 2.004703240077907941e-02 2.105007303118193191e-03
9.543660613565798201e+01 2.416333982117132781e-02 1.994237611009502809e-03
9.693138119169499589e+01 2.759008063590196944e-02 2.112379893689696198e-03
9.842617610150169583e+01 2.686349793322484122e-02 1.982579620118751860e-03
9.992100673039618641e+01 2.299813660513198854e-02 1.999196032482015301e-03
1.014159533206271533e+02 1.914163432697732481e-02 1.944250868356243913e-03
1.029109296549030717e+02 1.646834641460128909e-02 1.982717795996162807e-03
1.044059310580748416e+02 1.434367980393719613e-02 1.898300921080300257e-03
1.059008684971853285e+02 1.273870751196942187e-02 1.845677395928156141e-03
1.073958342448715371e+02 1.146782494967387919e-02 1.842249172304892806e-03
1.088908135870058942e+02 1.026307490184302958e-02 1.785927793887989289e-03
1.103857990745448632e+02 9.350758748497944861e-03 1.769933203514828047e-03
1.118807570176746538e+02 8.459402639938553084e-03 1.725338601435403305e-03
1.133757047385116294e+02 7.716117341988107739e-03 1.725264089467994436e-03
1.148706522828437357e+02 6.951520252368616551e-03 1.786255691491940361e-03
1.163656498595732813e+02 6.387545274032267913e-03 1.698655514652908701e-03
1.178605811345585010e+02 5.765937654078750856e-03 1.689535028491285541e-03
1.193555357799936445e+02 5.279743193513961735e-03 1.670293581358970074e-03
1.208505366943158776e+02 4.851968102257883490e-03 1.649288454343832144e-03
1.223455112173175934e+02 4.390855499277195907e-03 1.590768657902093264e-03
1.238404622455318105e+02 4.044287469556974608e-03 1.502735542963080581e-03
1.253354467427817696e+02 3.650049858701296963e-03 1.527042879508023858e-03
1.268303957494982512e+02 3.306041520955576001e-03 1.512911733179250198e-03
1.283253874003799808e+02 3.057629851618040920e-03 1.472766232055777724e-03
1.298203480560773926e+02 2.761429636564425878e-03 1.485920847837806204e-03
1.313153345016927460e+02 2.559487437335974339e-03 1.439787817350488388e-03
1.328102892619240549e+02 2.246455489556179515e-03 1.459552222624109713e-03
1.343052427203766115e+02 2.032680883469680476e-03 1.415007798578882302e-03
1.358002139858355974e+02 1.887854805522077434e-03 1.387911040580241126e-03
1.372951934604722908e+02 1.765054653365243260e-03 1.423284881143027170e-03
1.387901500891271951e+02 1.558584097827671756e-03 1.393846008405124053e-03
1.402851432303795036e+02 1.408315265740462882e-03 1.375260980355853466e-03
1.417801130474428533e+02 1.234966883004048020e-03 1.349394187070003439e-03
1.432750823873070090e+02 1.164237130365872218e-03 1.314065056638310039e-03
1.447700663575113254e+02 1.060838678907915274e-03 1.333686638621135083e-03
1.462650200438005186e+02 9.426439816310342237e-04 1.261344887348963368e-03
1.477599992906131376e+02 8.515197911845346799e-04 1.272134165949993399e-03
1.492550034964367001e+02 6.868119087528079840e-04 1.302665499274716131e-03
