1.537457747554989318e+00 1.623042160787954913e+01 -4.556443952589382285e+00 7.043538123046477750e-01
2.799930492561265805e+00 1.176575238081231412e+01 -2.310079304260818311e+00 1.272398380959093078e+00
4.253644348350979598e+00 5.951075650845546683e+00 -1.843675180485079945e+00 1.800314986120991723e+00
5.749516706394434351e+00 3.377828582625284515e+00 -1.739946053963257633e+00 1.045327754624311378e+00
7.246325837176535778e+00 2.194753950787229346e+00 -1.367063522100150808e+00 6.084639487129951396e-01
8.741569680642847118e+00 1.552369653970945285e+00 -1.023081726588746854e+00 4.006368788407640991e-01
1.023622954672484120e+01 1.158640400187236352e+00 -7.718657241790494172e-01 2.840058506604021260e-01
1.173042734745085625e+01 8.981196061014267151e-01 -5.974415122403456957e-01 2.106360262912975456e-01
1.322464480039232626e+01 7.150301931806104516e-01 -4.725294825160780698e-01 1.593429610416179643e-01
1.471892339509932768e+01 5.809178238549259632e-01 -3.823279876902177521e-01 1.230093420855667141e-01
1.621316194169169478e+01 4.793082649328472833e-01 -3.157605690278969535e-01 9.714842139040212599e-02
1.770747633917660835e+01 4.006067925985823397e-01 -2.652693986286732697e-01 7.713108068741088286e-02
1.920182982786196035e+01 3.384389251463706949e-01 -2.260624810467025403e-01 6.213276418082275265e-02
2.069621850323343537e+01 2.883420762314068964e-01 -1.952638766394023118e-01 5.019223844185707883e-02
2.219065393741956171e+01 2.474735077377923920e-01 -1.702679331852214040e-01 4.141039118493899940e-02
2.368510628941134044e+01 2.137232358808097421e-01 -1.504326273871444963e-01 3.441399519313952798e-02
2.517960686344120802e+01 1.856648135816958700e-01 -1.338319422387599655e-01 2.890412672032901739e-02
2.667412322134241265e+01 1.618833112755300452e-01 -1.199117836351961952e-01 2.434242783596130347e-02
2.816874765420068627e+01 1.419294032534010319e-01 -1.080862855780280601e-01 2.073468649277076387e-02
2.966333907595340236e+01 1.248153708906442616e-01 -9.797019518919815317e-02 1.772960310153056177e-02
3.115791270592976758e+01 1.102921965403422522e-01 -8.936654081029525576e-02 1.547193126991915427e-02
3.265259721537459114e+01 9.763934488843928339e-02 -8.169702662532207782e-02 1.338204451253926369e-02
3.414722174989132952e+01 8.676981386552544417e-02 -7.495935818844906562e-02 1.190367097441001436e-02
3.564192096064634541e+01 7.706400773885792310e-02 -6.907963427658929401e-02 1.048077135628093168e-02
3.713663791312681184e+01 6.871140143516264731e-02 -6.395098595056793178e-02 9.263711162210381406e-03
3.863136032783710050e+01 6.153646928125061644e-02 -5.925153316172016016e-02 8.487317618535186042e-03
4.012608014596703754e+01 5.503889300563970938e-02 -5.478795895401528809e-02 7.461478332438742020e-03
4.162082489948797104e+01 4.944444195954979943e-02 -5.133812046718222444e-02 6.499390430376911047e-03
4.311553527749643422e+01 4.430954506670988641e-02 -4.796928061074108574e-02 5.618623293986911744e-03
4.461037002408817642e+01 3.990919753435060585e-02 -4.479597435765098057e-02 5.031530738768323630e-03
4.610514789852378925e+01 3.598298430416048410e-02 -4.196468362309747901e-02 4.527857736034398076e-03
4.759992356344647391e+01 3.248611262800285560e-02 -3.941178119339060898e-02 4.258631707618833022e-03
4.909472606038730191e+01 2.932820963317707072e-02 -3.693759590525994008e-02 3.863220104483319241e-03
5.058952741139763987e+01 2.643868922124892676e-02 -3.483290156081357558e-02 3.552476708846010259e-03
5.208434891860461846e+01 2.394401319014107660e-02 -3.279597612211098551e-02 3.165170820161286244e-03
5.357920413567406825e+01 2.165230626169650091e-02 -3.090035334319102267e-02 2.889278417868634558e-03
5.507400367183969081e+01 1.960543778085828068e-02 -2.930453719830759113e-02 2.680237658731617241e-03
5.656886288315122613e+01 1.776093373775159204e-02 -2.783728374801800950e-02 2.400798984920545290e-03
5.806370667158486043e+01 1.606300097300360566e-02 -2.624113773246506548e-02 2.208719025512533539e-03
5.955858235278378743e+01 1.449976567560702471e-02 -2.487139911129537459e-02 2.139739768574460896e-03
6.105342513734162679e+01 1.313180964657336205e-02 -2.354961313652320296e-02 1.931823798369832531e-03
6.254828623463794912e+01 1.187117300658481651e-02 -2.237199521447063091e-02 1.799294337540370114e-03
6.404317729970509276e+01 1.072260932535643897e-02 -2.115780781276817638e-02 1.810005172666334953e-03
6.553805553786558846e+01 9.673228207748683569e-03 -2.023833374766834808e-02 1.857215297376028267e-03
6.703295332644070470e+01 8.699980150923524932e-03 -1.929030567878355432e-02 1.687748543369548123e-03
6.852782836760634666e+01 7.912321470093583789e-03 -1.828685462538508569e-02 1.658106428951252025e-03
7.002271935703717531e+01 7.096554034989504059e-03 -1.740465705220856779e-02 1.621662742655264168e-03
7.151760352105077345e+01 6.435390442703734816e-03 -1.644367545318603518e-02 1.525386441040891845e-03
7.301253012557418742e+01 5.804183595191684218e-03 -1.566671417140784103e-02 1.591916619693736074e-03
7.450742678071827640e+01 5.236744378400099223e-03 -1.478877994948084307e-02 1.396337340415214562e-03
7.600233448285945315e+01 4.696575589872682525e-03 -1.408844021746756894e-02 1.354257038872277779e-03
7.749725560076329600e+01 4.311960609858712240e-03 -1.325745527252737005e-02 1.232251607940295941e-03
7.899217033755574846e+01 3.957521106737941705e-03 -1.263137850177956795e-02 1.181565154063645394e-03
8.048709671360708739e+01 3.679749121567481296e-03 -1.198157692368405185e-02 9.900725378885213111e-04
8.198202946411441872e+01 3.534613132586184470e-03 -1.135166224530599621e-02 9.206093554698570759e-04
8.347695417557481790e+01 3.416373760254613930e-03 -1.083042393447536909e-02 9.259013901804608818e-04
8.497187748057454826e+01 3.387969415562921971e-03 -1.014060834889140422e-02 8.592265708430585217e-04
8.646682068556563650e+01 3.451631203280114239e-03 -9.719423905462511865e-03 7.766531529538633124e-04
8.796175337622922541e+01 3.637836932664076806e-03 -9.257616822465699474e-03 8.554688565343972987e-04
8.945670003549204807e+01 3.844715018335332669e-03 -8.888163859477000994e-03 9.014690250785850536e-04
9.095161293160725791e+01 4.084115613346075459e-03 -8.630431031150494550e-03 8.219596648790900798e-04
9.244655948091974551e+01 4.353143687245277470e-03 -8.258486444799994358e-03 8.283040697637054223e-04
9.394149364879524455e+01 4.544204790862532185e-03 -8.006526784749853562e-03 8.230996400287307396e-04
9.543642156371537055e+01 4.744523640515696528e-03 -7.826932169067862127e-03 6.966877965879453250e-04
9.693134300908343448e+01 4.911088195903114129e-03 -7.609425641547408470e-03 5.834335016453028348e-04
9.842629669998615327e+01 4.964487384354419018e-03 -7.331276969489167183e-03 5.305028591002295107e-04
9.992121385174239379e+01 4.910224963353230013e-03 -7.118313353194949226e-03 5.937189117804051071e-04
1.014161446480928674e+02 4.810230427441547843e-03 -6.850923044101481230e-03 5.083291002125933959e-04
1.029110838559402197e+02 4.624123313768132952e-03 -6.621825676255247567e-03 4.989140630961501994e-04
1.044060357391774829e+02 4.314732486747780912e-03 -6.305825894584039804e-03 5.218196304761467397e-04
1.059009717798734584e+02 3.977614700956493346e-03 -6.075358059467656814e-03 4.132972217438973567e-04
1.073959310507692493e+02 3.598437073622712864e-03 -5.775567124320700116e-03 3.241797243279538588e-04
1.088908712548395528e+02 3.150795390669449986e-03 -5.628772098642783814e-03 2.572649030688340093e-04
1.103858181519033934e+02 2.728386231887886676e-03 -5.320467441786082274e-03 2.986686090890374877e-04
1.118807766332720917e+02 2.265419157947483070e-03 -5.134690248566014907e-03 3.096941541914267773e-04
1.133757288949393001e+02 1.825783763443774221e-03 -5.001065804802411197e-03 3.762017937273483313e-04
1.148706869099478922e+02 1.429628223282284434e-03 -4.870150532651854221e-03 3.384002411046962522e-04
1.163656512673812955e+02 1.018946091010155966e-03 -4.787803871184219580e-03 3.140044197038058325e-04
1.178606183379779537e+02 6.547036509764741921e-04 -4.716735727214661431e-03 2.761582195851789052e-04
1.193555761842561225e+02 3.393078983703773388e-04 -4.700574604389285045e-03 2.471090607314620365e-04
1.208505469658569922e+02 2.705354329124074779e-05 -4.637330841979734469e-03 2.659225955966827920e-04
1.223455212522185036e+02 -2.122094564822513184e-04 -4.484590156437954708e-03 2.623693423154848043e-04
1.238404817591319329e+02 -4.005466397915297019e-04 -4.413916876298643391e-03 2.336325339112076463e-04
1.253354505616357386e+02 -5.937182944447677449e-04 -4.343415829551447276e-03 1.787783013171512041e-04
1.268304138680014148e+02 -7.355805878581525657e-04 -4.264733867651373210e-03 2.245565134580323270e-04
1.283253863726005761e+02 -8.429925129111124358e-04 -4.108620436355983792e-03 1.564692256173497631e-04
1.298203548235490246e+02 -9.666065086638195693e-04 -4.084993740717955159e-03 1.864017197673196861e-04
1.313153295733925461e+02 -1.030464168759553240e-03 -4.031781570872224399e-03 1.870709560556151378e-04
1.328102997953602937e+02 -1.099985610232039101e-03 -3.932634116033873438e-03 1.289187650026228280e-04
1.343052756084847772e+02 -1.136693362505991406e-03 -3.831843760083694476e-03 1.923076436280486852e-04
1.358002475433089842e+02 -1.185893926987778351e-03 -3.739814930985845432e-03 1.291859637757543572e-04
1.372952034652845441e+02 -1.214651785983100188e-03 -3.661102163078337572e-03 6.138731582153208045e-05
1.387901815647110766e+02 -1.244664073512565970e-03 -3.539242195377195928e-03 6.594613703087545198e-05
1.402851490024577004e+02 -1.259216878460113313e-03 -3.512853730264808502e-03 5.596193666842523079e-05
1.417801324108205563e+02 -1.244143209125383315e-03 -3.400896920715904166e-03 1.150308072520792166e-04
1.432750994412132854e+02 -1.235703001168231199e-03 -3.309112495603475698e-03 1.375923001584384621e-04
1.447700840636959470e+02 -1.232696800697797917e-03 -3.238110213559671890e-03 4.146353385414783830e-05
1.462650498477996734e+02 -1.208410871824191438e-03 -3.131777678164090507e-03 8.009410724373884182e-05
1.477600225591606318e+02 -1.225196242649242507e-03 -3.022004063288774404e-03 6.780654271919692925e-05
1.492549971521748091e+02 -1.198789122905763926e-03 -2.996752083172196223e-03 8.404718224689364595e-05
