1.537373811115793076e+00 1.472272452280959953e+01 -4.136031480169618746e+00 6.461364404483838086e-01
2.800524871976703967e+00 1.067334742625483734e+01 -2.094735783393485651e+00 1.154684505457852062e+00
4.254719460184338331e+00 5.398896060482605286e+00 -1.672998036661147214e+00 1.633149261515340900e+00
5.750642516036548635e+00 3.064233173451433867e+00 -1.578115534429616051e+00 9.487068873363516675e-01
7.247364664603797024e+00 1.991087874841681593e+00 -1.240457432711231656e+00 5.524935020169323696e-01
8.742472427185877137e+00 1.408310674668425744e+00 -9.283134094900526989e-01 3.633087691677050479e-01
1.023704244186039425e+01 1.050687654627327383e+00 -7.001211392744490780e-01 2.575950424100901248e-01
1.173115327270062380e+01 8.145157919970301696e-01 -5.421806374082449587e-01 1.910362007414169727e-01
1.322525490377527291e+01 6.484173168977770407e-01 -4.288448830479303919e-01 1.443829622725854855e-01
1.471943889938181549e+01 5.266182299977054670e-01 -3.469581933963655218e-01 1.114482011993701421e-01
1.621362422655668567e+01 4.345234343505270935e-01 -2.864388494008726083e-01 8.831359528679065540e-02
1.770785161844407796e+01 3.631879207212158067e-01 -2.409274838449312894e-01 7.007236663717004987e-02
1.920218602351140191e+01 3.067806201189905435e-01 -2.052433747314919288e-01 5.657313319556830228e-02
2.069651174987141928e+01 2.612952482917356711e-01 -1.774278096808057092e-01 4.551804174342603815e-02
2.219093599463420574e+01 2.241949204044635102e-01 -1.548231366097932993e-01 3.754449852071618798e-02
2.368535630843124906e+01 1.936295449701774529e-01 -1.369254653282049039e-01 3.139258426185555229e-02
2.517982589086171430e+01 1.680974578025139776e-01 -1.216939493503804565e-01 2.643750485106706807e-02
2.667430633093872672e+01 1.465744929005206587e-01 -1.092780134071737047e-01 2.205365456020479120e-02
2.816892448748080113e+01 1.284381559722924393e-01 -9.841360770388531132e-02 1.881955638764761310e-02
2.966347651922374951e+01 1.128962646296692018e-01 -8.933814777002228869e-02 1.636046725892888187e-02
3.115806122988150761e+01 9.972148037393890885e-02 -8.145452666039303125e-02 1.424608551056236704e-02
3.265271361956257579e+01 8.818816952432949330e-02 -7.450079565627204525e-02 1.227832909091299864e-02
3.414732160202434130e+01 7.833327168594708678e-02 -6.844326856156178474e-02 1.101191575392981674e-02
3.564199417945433623e+01 6.955560557478279726e-02 -6.305383916452342308e-02 9.570982296305334883e-03
3.713671829389110002e+01 6.195933497114621685e-02 -5.834854590938463176e-02 8.586776645825494603e-03
3.863141604883986702e+01 5.545118943599775668e-02 -5.416549378379870855e-02 7.937758616239293588e-03
4.012614098817908825e+01 4.957917819910957757e-02 -5.006218537717789518e-02 6.939646309897036687e-03
4.162088031349833983e+01 4.449071406915440507e-02 -4.693242802829999949e-02 6.086803773226269476e-03
4.311558344163572798e+01 3.985016091942522598e-02 -4.387433418947811470e-02 5.312269104384228363e-03
4.461041773532090815e+01 3.588482341038197465e-02 -4.099495713716853895e-02 4.681152822878291604e-03
4.610519133619883547e+01 3.229661924259161210e-02 -3.843521621837849706e-02 4.273984048755284301e-03
4.759997173978576512e+01 2.916254070561907427e-02 -3.609480144629302611e-02 4.126305847145558814e-03
4.909477063765456961e+01 2.630905382664477585e-02 -3.379638063077308047e-02 3.803570675869859686e-03
5.058955856192802258e+01 2.373962061764053541e-02 -3.180633333055114115e-02 3.559535553321240779e-03
5.208438093649790801e+01 2.146096856402186434e-02 -2.992569218378907450e-02 3.118508683231021542e-03
5.357922544697219536e+01 1.942804884535366539e-02 -2.810739288260071314e-02 2.977751582557798711e-03
5.507403375582806149e+01 1.757649428563433716e-02 -2.660597323051647894e-02 2.696701167655670729e-03
5.656888615370216655e+01 1.591911191621833699e-02 -2.521310880893494130e-02 2.436130997112857452e-03
5.806372394012645799e+01 1.440918405766954645e-02 -2.372776931228443020e-02 2.260910247716475027e-03
5.955860169586236452e+01 1.303936458669721112e-02 -2.234387246957215273e-02 2.243833663685251487e-03
6.105344255959369804e+01 1.183076380278266955e-02 -2.114275587463869052e-02 2.135004447842201065e-03
6.254830837025910739e+01 1.069588356485484497e-02 -1.997020892066599801e-02 2.078837678447861305e-03
6.404319285897335590e+01 9.702614143137068201e-03 -1.875063573694962793e-02 2.102660895445069341e-03
6.553806857341834302e+01 8.782603613693385977e-03 -1.782709204248530271e-02 2.218508927944235886e-03
6.703296412289529371e+01 7.943653138914257006e-03 -1.678329541176065351e-02 2.148091527721954653e-03
6.852784006320054289e+01 7.252007852500384939e-03 -1.579713848552020614e-02 2.235271251644025976e-03
7.002273779055116165e+01 6.539255718068099667e-03 -1.483483482187246058e-02 2.285063426207321544e-03
7.151762200245535439e+01 6.025410452095260674e-03 -1.379304691929780606e-02 2.319382725134936079e-03
7.301254261435019544e+01 5.495274575843423805e-03 -1.290302078946883001e-02 2.635160899317984771e-03
7.450743826812434634e+01 5.031108320716255050e-03 -1.196458612895841961e-02 2.633381660986568173e-03
7.600234418905128564e+01 4.585786773795277535e-03 -1.110327406866057354e-02 2.807359186767493988e-03
7.749726719081095894e+01 4.297050082298243916e-03 -1.011231988027668990e-02 2.950684835591113955e-03
7.899218054338604134e+01 4.051946770378014699e-03 -9.270924464211929145e-03 3.141921754077117365e-03
8.048710865103926437e+01 3.865345549403972035e-03 -8.368942606937952028e-03 3.296806624393481579e-03
8.198203803042545701e+01 3.804003493079043986e-03 -7.515812082247995060e-03 3.657102652634574604e-03
8.347696355850568750e+01 3.778108408759787377e-03 -6.730490657471563734e-03 4.104717019502750891e-03
8.497189302112862208e+01 3.857750157714908475e-03 -5.675528636918347920e-03 4.639242595345254017e-03
8.646683241954148968e+01 4.028289325646088222e-03 -4.871238415031719886e-03 5.188871561064180640e-03
8.796176853535041573e+01 4.311701941935272217e-03 -3.892174865876711892e-03 6.039221462662456089e-03
8.945671872523084289e+01 4.627950803278077334e-03 -2.920477132151160990e-03 7.006246743759240656e-03
9.095162990783117607e+01 5.030961213427572951e-03 -1.882682579717598901e-03 8.227660130621665749e-03
9.244658772000120450e+01 5.503365001515324838e-03 -5.303335653963599586e-04 9.924569732978982470e-03
9.394153389715580715e+01 5.979615575578625317e-03 1.187382146257825576e-03 1.241334842432106553e-02
9.543646674940524122e+01 6.539232506959212314e-03 3.259658543265679751e-03 1.564536271696123637e-02
9.693135813495742070e+01 7.013149604458337322e-03 5.012872742644516877e-03 1.822850550711865858e-02
9.842626264061409813e+01 6.991072481193328324e-03 4.863344565092596328e-03 1.751678182375095150e-02
9.992117292157236363e+01 6.595370726369806889e-03 3.290255369948151282e-03 1.440045367649148145e-02
1.014161153994903941e+02 6.145906510612145039e-03 1.804554566694227449e-03 1.138469448272083108e-02
1.029110677877009863e+02 5.726754735093696549e-03 7.652704306889795667e-04 9.186838550101106282e-03
1.044060170037496391e+02 5.239173404328095925e-03 8.170346626626293161e-05 7.646754763735949013e-03
1.059009595871660707e+02 4.780513860998940670e-03 -4.147680943379870584e-04 6.413127772997942802e-03
1.073959213844073446e+02 4.338919649882111776e-03 -7.229032870936057250e-04 5.428065824815752304e-03
1.088908614115078137e+02 3.825285014910367529e-03 -1.110320910689774820e-03 4.554581176788381064e-03
1.103858122755690516e+02 3.336454566341055632e-03 -1.226526978032490634e-03 3.973788704116877450e-03
1.118807776628845971e+02 2.846299103434483252e-03 -1.431555333654022100e-03 3.450599317466326605e-03
1.133757258235922620e+02 2.377050817118636552e-03 -1.642331070999179972e-03 3.081070114391853618e-03
1.148706824226586605e+02 1.959220228938768783e-03 -1.786996996271202585e-03 2.638136795293600633e-03
1.163656489312472644e+02 1.525666074884577230e-03 -1.999486990893990096e-03 2.308332104956356719e-03
1.178606149933780358e+02 1.131965137027423881e-03 -2.124538797189642458e-03 1.944522393897747713e-03
1.193555764060924247e+02 8.015441132872277519e-04 -2.306574548989284192e-03 1.645487589420922391e-03
1.208505452598723764e+02 4.734303740993389079e-04 -2.457377028628190269e-03 1.442046689893397180e-03
1.223455212869252762e+02 2.108244090985461898e-04 -2.458775401527198926e-03 1.258156525584278431e-03
1.238404780575491770e+02 1.692834583943611708e-05 -2.566344561545226468e-03 1.096253741414095423e-03
1.253354453120081331e+02 -2.090031652600510910e-04 -2.624591615362921113e-03 8.668395206114212683e-04
1.268304113187570721e+02 -3.493590128325944574e-04 -2.713323155216143881e-03 7.836665247465035480e-04
1.283253860123876962e+02 -4.831237000214047908e-04 -2.637616025922523855e-03 6.011981956769455121e-04
1.298203522992344006e+02 -6.107151122391596540e-04 -2.719041812979355009e-03 5.461667555177156111e-04
1.313153267537912541e+02 -6.984681820325811148e-04 -2.765784270461626917e-03 4.525635500112651670e-04
1.328102958901376951e+02 -7.859132682673976170e-04 -2.770686965721864091e-03 2.955853332171234460e-04
1.343052735825673949e+02 -8.349995411824331828e-04 -2.790066239803629545e-03 2.720907378955068553e-04
1.358002474776756117e+02 -8.975757326344898160e-04 -2.727300454221939351e-03 2.218201318431333488e-04
1.372952049511761459e+02 -9.338567378450536626e-04 -2.725761947340601520e-03 7.596806311523974804e-05
1.387901806812937195e+02 -9.755684509699336050e-04 -2.673395677316180424e-03 6.189888368762042981e-05
1.402851487208943695e+02 -1.001400648351772824e-03 -2.696983769887246855e-03 -1.610210548619244266e-05
1.417801279430072725e+02 -9.956400382782840813e-04 -2.649941853222230123e-03 1.717662705710229046e-05
1.432750978033724039e+02 -1.009417526501109504e-03 -2.606344640009644695e-03 1.627372455030188852e-05
1.447700796764198401e+02 -1.025434960158517778e-03 -2.610985321339661172e-03 -8.900854134824407642e-05
1.462650525568734281e+02 -9.953862685679788509e-04 -2.511505556374826233e-03 -9.526054815250250716e-05
1.477600223028673270e+02 -1.041621541854282317e-03 -2.433721750213106282e-03 -1.318231144464148709e-04
1.492549943126634844e+02 -1.013886700604866957e-03 -2.453745887605102063e-03 -1.238248295948015179e-04
