2.536365060557646700e+01 2.058328074432425395e-02
3.897016032304304645e+01 2.050288509996974710e-03
4.624221446357820042e+01 2.574054829465679292e-04
5.161606982435196045e+01 -1.867133383568988407e-04
5.599724816367181290e+01 -3.315734600800245658e-05
5.976896148561336730e+01 3.207454679596898170e-04
6.308776943951210114e+01 8.081024743161596951e-04
6.605612800629559445e+01 1.319049328209804910e-03
6.874137147739840259e+01 1.860397146828065727e-03
7.119195987981821361e+01 2.450525071370659655e-03
7.344280339247175959e+01 3.079374948739654286e-03
7.552512163308132642e+01 3.706418563585122099e-03
7.745838182942911487e+01 4.419260066151764130e-03
7.925905404896505502e+01 5.086133830870198658e-03
8.094325608653288384e+01 5.821638827585921307e-03
8.252049388496237725e+01 6.577409964148270109e-03
8.400190687309309112e+01 7.387257776216021518e-03
8.539681587233654625e+01 8.188413571895515608e-03
8.670742725894199054e+01 9.056901415278734158e-03
8.794043169857549458e+01 9.882094462140778024e-03
8.910584575130955898e+01 1.093017754572057215e-02
9.020478367141245712e+01 1.195271517799346116e-02
9.123599500297810039e+01 1.319148582653008848e-02
9.220387076510823476e+01 1.435313175060179067e-02
9.312010519306137724e+01 1.599436515103918113e-02
9.396401683576596042e+01 1.711221964508124679e-02
9.475766318021908319e+01 1.950233845081377274e-02
9.548015256530368333e+01 2.107568389585537036e-02
9.613147756376922359e+01 2.264084542843493655e-02
9.670454694985350841e+01 2.333930244076023314e-02
9.727717661507280411e+01 2.348024027923918330e-02
9.784668074441900387e+01 2.356432828219335446e-02
9.841142177489432186e+01 2.325786963291240350e-02
9.899272911154324106e+01 2.210633769503625445e-02
9.966794241487984607e+01 2.042718683654985018e-02
1.003748433584521962e+02 1.906695052826920533e-02
1.011405456120931063e+02 1.727203523497594304e-02
1.019350549179514616e+02 1.612056109493004152e-02
1.027726099167509375e+02 1.468954552479729767e-02
1.036417068284038550e+02 1.333544617863137959e-02
1.045393300517263526e+02 1.264384271013212907e-02
1.054747317519740619e+02 1.165000282714992626e-02
1.064312838265893078e+02 1.099150025739852217e-02
1.074202146141618499e+02 1.023871842491546821e-02
1.084390901429447069e+02 9.505354843429621864e-03
1.094804754432356333e+02 8.963341999626081233e-03
1.105498551284373860e+02 8.361669811922314496e-03
1.116472445054406251e+02 7.817393463048601804e-03
1.127692188569496921e+02 7.255503390763307081e-03
1.139151836691663959e+02 6.820830553867551597e-03
1.150874249390741255e+02 6.372097068243636614e-03
1.162846910843155115e+02 5.922489372954543516e-03
1.175070161350417663e+02 5.518296061343980034e-03
1.187536158820540493e+02 5.120428057474051345e-03
1.200249989533700585e+02 4.787463631797743077e-03
1.213201833569606407e+02 4.443696074192185833e-03
1.226411906841535142e+02 4.118277894882629853e-03
1.239879217477863023e+02 3.802310884932828122e-03
1.253593049622227227e+02 3.521300654267197055e-03
1.267553371063639389e+02 3.252834139075700629e-03
1.281784046503664172e+02 3.013832085765411409e-03
1.296270523873695595e+02 2.773026106111157671e-03
1.311024889820643011e+02 2.559797848842176610e-03
1.326053851609140679e+02 2.356887114220771514e-03
1.341352884276982991e+02 2.180041835034798002e-03
1.356940544990420108e+02 1.996140321963813663e-03
1.372816234662795125e+02 1.840056507993790766e-03
1.388991795776277911e+02 1.687524326042240223e-03
1.405478336787734861e+02 1.544295643597873562e-03
1.422277329244000157e+02 1.412634714256698993e-03
1.439409668600490875e+02 1.296796137176587380e-03
1.456877345939804229e+02 1.183523068319640003e-03
1.474702830672497385e+02 1.067785633458688630e-03
1.492907844640485848e+02 9.806304645132244563e-04
1.511489078084111100e+02 8.841635597380786797e-04
1.530480936578784679e+02 8.019751559245262389e-04
1.549892418546321835e+02 7.251066052887919543e-04
1.569769721188757217e+02 6.582787721876325092e-04
1.590109920000987245e+02 6.046121385745665665e-04
1.610960725535686322e+02 5.601017553994458182e-04
1.632358236896301094e+02 5.092875029236862893e-04
1.654322229757337368e+02 4.697761319799958167e-04
1.676921913922413694e+02 4.447664902582085180e-04
1.700185072180402415e+02 4.184231205772853137e-04
1.724179348462402857e+02 3.967039429657788518e-04
1.748982398106783762e+02 3.851920751909309769e-04
1.774654544083481369e+02 3.718405672168181289e-04
1.801304868621603248e+02 3.735260497944312206e-04
1.829049754535484169e+02 3.739403065513729509e-04
1.858024826815293977e+02 3.857718444979403040e-04
1.888412991815429223e+02 4.186981946257440777e-04
1.920436324378141251e+02 4.692229507171992897e-04
1.954385218955793277e+02 4.825528963292607292e-04
1.990661933568871973e+02 3.289508165928565933e-04
2.029833897300362366e+02 1.834619370669978604e-04
2.072724475156722121e+02 7.568337217194778777e-05
2.120679222756782281e+02 -6.391499503185493567e-06
2.176121855105006659e+02 -6.913611576445386007e-05
2.244514509329721932e+02 -1.004126191640970821e-04
2.349127200660145718e+02 -1.064377926481307367e-04
