2.536365060557646700e+01 -1.729428341373620049e-04
3.897016032304304645e+01 -8.455256766493461987e-03
4.624221446357820042e+01 -6.132796375169251822e-03
5.161606982435196045e+01 -4.272447685007588376e-03
5.599724816367181290e+01 -1.782538680716393587e-03
5.976896148561336730e+01 4.907523209147743619e-04
6.308776943951210114e+01 2.735305960221178553e-03
6.605612800629559445e+01 4.929328867105646148e-03
6.874137147739840259e+01 7.143672027584760213e-03
7.119195987981821361e+01 9.325013045415520355e-03
7.344280339247175959e+01 1.179411004512422034e-02
7.552512163308132642e+01 1.432220315519794861e-02
7.745838182942911487e+01 1.705614720692604988e-02
7.925905404896505502e+01 1.976769112095923958e-02
8.094325608653288384e+01 2.271118027194166805e-02
8.252049388496237725e+01 2.578264937427827974e-02
8.400190687309309112e+01 2.906203639490233595e-02
8.539681587233654625e+01 3.242073460079344244e-02
8.670742725894199054e+01 3.605671896527658238e-02
8.794043169857549458e+01 3.961738598266649480e-02
8.910584575130955898e+01 4.428895664070429256e-02
9.020478367141245712e+01 4.906579409038230172e-02
9.123599500297810039e+01 5.474197076719561350e-02
9.220387076510823476e+01 6.003218443197683163e-02
9.312010519306137724e+01 6.796904620652026441e-02
9.396401683576596042e+01 7.333614217346527686e-02
9.475766318021908319e+01 8.491554839682512179e-02
9.548015256530368333e+01 9.257607591785448065e-02
9.613147756376922359e+01 1.002434980229491568e-01
9.670454694985350841e+01 1.036450368325231158e-01
9.727717661507280411e+01 1.043498693587569387e-01
9.784668074441900387e+01 1.046764984870971471e-01
9.841142177489432186e+01 1.031337011133274112e-01
9.899272911154324106e+01 9.752616613766085241e-02
9.966794241487984607e+01 8.919669067385790906e-02
1.003748433584521962e+02 8.233250859611337957e-02
1.011405456120931063e+02 7.349442681600436289e-02
1.019350549179514616e+02 6.778682953179179793e-02
1.027726099167509375e+02 6.099097695884704573e-02
1.036417068284038550e+02 5.441327451662578835e-02
1.045393300517263526e+02 5.103867626640035127e-02
1.054747317519740619e+02 4.656936560193428165e-02
1.064312838265893078e+02 4.334025519920618741e-02
1.074202146141618499e+02 3.991264004052972464e-02
1.084390901429447069e+02 3.661283047420090669e-02
1.094804754432356333e+02 3.404969868823148199e-02
1.105498551284373860e+02 3.136605877005953918e-02
1.116472445054406251e+02 2.899429897379452933e-02
1.127692188569496921e+02 2.650911260294087565e-02
1.139151836691663959e+02 2.467837927340101392e-02
1.150874249390741255e+02 2.267634740327299780e-02
1.162846910843155115e+02 2.086243110141535254e-02
1.175070161350417663e+02 1.912892695891206529e-02
1.187536158820540493e+02 1.742157372912390284e-02
1.200249989533700585e+02 1.605699785449089811e-02
1.213201833569606407e+02 1.465477463089982953e-02
1.226411906841535142e+02 1.338357535271546446e-02
1.239879217477863023e+02 1.221254038511296845e-02
1.253593049622227227e+02 1.112781474458068159e-02
1.267553371063639389e+02 1.008686690356084409e-02
1.281784046503664172e+02 9.102801858897545742e-03
1.296270523873695595e+02 8.280271340289059590e-03
1.311024889820643011e+02 7.482396512855087924e-03
1.326053851609140679e+02 6.693661061829041942e-03
1.341352884276982991e+02 6.022770772216252087e-03
1.356940544990420108e+02 5.411266757370962466e-03
1.372816234662795125e+02 4.858055326429014040e-03
1.388991795776277911e+02 4.320263296516086392e-03
1.405478336787734861e+02 3.844906977821111339e-03
1.422277329244000157e+02 3.415497507385072736e-03
1.439409668600490875e+02 3.024048291425013562e-03
1.456877345939804229e+02 2.667848922083970384e-03
1.474702830672497385e+02 2.340282717159668843e-03
1.492907844640485848e+02 2.072455191524030967e-03
1.511489078084111100e+02 1.822494037387528427e-03
1.530480936578784679e+02 1.588888638681228019e-03
1.549892418546321835e+02 1.407922323022273896e-03
1.569769721188757217e+02 1.256760935722862254e-03
1.590109920000987245e+02 1.143861162005056211e-03
1.610960725535686322e+02 1.066381912620315182e-03
1.632358236896301094e+02 9.998464597484875253e-04
1.654322229757337368e+02 9.512943376351321902e-04
1.676921913922413694e+02 9.657794043026516305e-04
1.700185072180402415e+02 9.796091734815210242e-04
1.724179348462402857e+02 1.001747939910288586e-03
1.748982398106783762e+02 1.058754123162064173e-03
1.774654544083481369e+02 1.143180601290820671e-03
1.801304868621603248e+02 1.264187342296085956e-03
1.829049754535484169e+02 1.401079640100775939e-03
1.858024826815293977e+02 1.577710141038182832e-03
1.888412991815429223e+02 1.837111651835885177e-03
1.920436324378141251e+02 2.189770631583525667e-03
1.954385218955793277e+02 2.360228434949704097e-03
1.990661933568871973e+02 1.672208203151783704e-03
2.029833897300362366e+02 1.002486495853187418e-03
2.072724475156722121e+02 4.990596662297875317e-04
2.120679222756782281e+02 1.044137629275829437e-04
2.176121855105006659e+02 -2.060503593865482656e-04
2.244514509329721932e+02 -3.880152463720298915e-04
2.349127200660145718e+02 -4.574060369617057140e-04
