2.536395421009054019e+01 -3.823438012818146901e-03
3.897018783599675373e+01 -4.222381789652509057e-03
4.624223095803372274e+01 -3.058955142927880389e-03
5.161608243971403454e+01 -1.636342790361717094e-03
5.599726644463153491e+01 7.496170454275228028e-04
5.976897982381585450e+01 3.077531888744209406e-03
6.308779121291099301e+01 5.492802277055671561e-03
6.605614881622690859e+01 7.913179688870473905e-03
6.874140067668118093e+01 1.035663298276428418e-02
7.119199321961406213e+01 1.288945316802764772e-02
7.344283994384996106e+01 1.574585774186219866e-02
7.552517333654125764e+01 1.865620128210537798e-02
7.745845162331772826e+01 2.182844158447632896e-02
7.925912526128736602e+01 2.504225808691315155e-02
8.094334413220290969e+01 2.848402861103224021e-02
8.252060154365679523e+01 3.215161049230981505e-02
8.400204798923475380e+01 3.605264133915551256e-02
8.539697543525531387e+01 4.007625755419377822e-02
8.670763321564433568e+01 4.444965104666712824e-02
8.794064470200940775e+01 4.863950474223647374e-02
8.910612505381270410e+01 5.427261354559121537e-02
9.020512159447437739e+01 5.993768736358415922e-02
9.123635153950658605e+01 6.686595608980377969e-02
9.220435227163640945e+01 7.324152256390810412e-02
9.312055617721796352e+01 8.288932475852386905e-02
9.396447015130587488e+01 8.925106407155215804e-02
9.475799926421449015e+01 1.033585078037120575e-01
9.548043019578379642e+01 1.123960614121105178e-01
9.613158887000381014e+01 1.218688080700378040e-01
9.670450834391456851e+01 1.258733855350746833e-01
9.727714507643945296e+01 1.267894060611199913e-01
9.784664838784132712e+01 1.270160356442383842e-01
9.841142690093234080e+01 1.252634637347613822e-01
9.899235892542313309e+01 1.185308193801977439e-01
9.966757786278381559e+01 1.082961468756050150e-01
1.003743895057537259e+02 1.000057335169202699e-01
1.011399721277933139e+02 8.924603298396713291e-02
1.019345656196596508e+02 8.234665299823949736e-02
1.027720434981558668e+02 7.413722747912680766e-02
1.036412955774845415e+02 6.609032760227089021e-02
1.045389195118766850e+02 6.208370200465952726e-02
1.054743832833153192e+02 5.671546711157812032e-02
1.064309936522724911e+02 5.277169388622147961e-02
1.074199402469632361e+02 4.861264719188576611e-02
1.084388471600401118e+02 4.457263748960044875e-02
1.094802582687830323e+02 4.149226711268137052e-02
1.105496661664890894e+02 3.825179273153454101e-02
1.116470831124836991e+02 3.533552539867841624e-02
1.127690795679768456e+02 3.232060584001043152e-02
1.139150575123912148e+02 3.008774432530588600e-02
1.150873149723426963e+02 2.766626038333962895e-02
1.162845972669035604e+02 2.547946739640779418e-02
1.175069324282327585e+02 2.337663167629812008e-02
1.187535296658238195e+02 2.131411939519281193e-02
1.200249293091607541e+02 1.969843825376881019e-02
1.213201194868316009e+02 1.798644438399376808e-02
1.226411310650079400e+02 1.646676901510504484e-02
1.239878713735782725e+02 1.504634183682232451e-02
1.253592609297779887e+02 1.371824219795939048e-02
1.267552978642993509e+02 1.246223995471086587e-02
1.281783692348081729e+02 1.128730289372184732e-02
1.296270243749597739e+02 1.026484527345678487e-02
1.311024561887779498e+02 9.291323316991608947e-03
1.326053510522532122e+02 8.336447982236525056e-03
1.341352587766664897e+02 7.524882819764032796e-03
1.356940310775192131e+02 6.768642337952783875e-03
1.372816074360587493e+02 6.083293250671042117e-03
1.388991591909881436e+02 5.440783948931170871e-03
1.405478203288986094e+02 4.862912871363232054e-03
1.422277173737898011e+02 4.303642179095599346e-03
1.439409495579575093e+02 3.819292639569194653e-03
1.456877195062187411e+02 3.369801822589905439e-03
1.474702702799208396e+02 2.957548947822711757e-03
1.492907743629925506e+02 2.590050678573133005e-03
1.511488950191975675e+02 2.265056001345065653e-03
1.530480818475383273e+02 1.954310652535235383e-03
1.549892281073076958e+02 1.704756756796247611e-03
1.569769615535837204e+02 1.468147923429114149e-03
1.590109820510733698e+02 1.297416393174708306e-03
1.610960646508775085e+02 1.151792244116245020e-03
1.632358171333798964e+02 1.010687604714186841e-03
1.654322207619952394e+02 8.903007888254283820e-04
1.676921819584219975e+02 8.140622615706029049e-04
1.700184986197453441e+02 7.388270963516869972e-04
1.724179255838791391e+02 6.708155764973489435e-04
1.748982288038828585e+02 6.043891143612200277e-04
1.774654434649299048e+02 5.546441985960808485e-04
1.801304641331620644e+02 5.237331915381046804e-04
1.829049557257528704e+02 4.680772565965454009e-04
1.858024527695664858e+02 3.960839183903783764e-04
1.888412501925551794e+02 3.061121223017002199e-04
1.920435671739614349e+02 1.390315757918284326e-04
1.954385392838099733e+02 -5.204605660750522580e-05
1.990662732824509362e+02 -2.535620556926584208e-04
2.029834369883702152e+02 -4.664711823822412944e-04
2.072724732336467923e+02 -6.659498948728163545e-04
2.120679441916481096e+02 -8.300133540753271057e-04
2.176122002289034754e+02 -9.321437238106885462e-04
2.244514663031418422e+02 -9.216292705945265847e-04
2.349127341320175901e+02 -7.649787550377610797e-04
