2.536377752033526889e+01 9.585500330698182650e-03
3.897017482772566410e+01 -5.334876385719696315e-04
4.624222424605111570e+01 -1.306655748144031634e-03
5.161607530166736524e+01 -1.284996517293566110e-03
5.599725877053302270e+01 -8.396273277367828245e-04
5.976896934843819054e+01 -2.716697563947012583e-04
6.308777944167189133e+01 3.919655660029368804e-04
6.605614226968469893e+01 1.066449013150550006e-03
6.874138844532646431e+01 1.734280781883971133e-03
7.119197117934322705e+01 2.423664001268353331e-03
7.344280949356435428e+01 3.163689798616258538e-03
7.552514362023077865e+01 3.896816470721265781e-03
7.745841816410013791e+01 4.696990989502034843e-03
7.925908694886020101e+01 5.456559594302299795e-03
8.094329359712142491e+01 6.285542867194501837e-03
8.252054376130500657e+01 7.123099928847960276e-03
8.400197744112250575e+01 8.019206101524322880e-03
8.539688908483017826e+01 8.884890701712729044e-03
8.670752778257717353e+01 9.833252720940740058e-03
8.794052291240278407e+01 1.075170189396514736e-02
8.910597459062097414e+01 1.188756685211456686e-02
9.020494094071618463e+01 1.300420776596485778e-02
9.123617866355964168e+01 1.437887229375545313e-02
9.220412448242562675e+01 1.563638552247350114e-02
9.312032769894139506e+01 1.744498597290303210e-02
9.396425006532697921e+01 1.863728714349038862e-02
9.475783825987595321e+01 2.128138459279998312e-02
9.548029013991896363e+01 2.298555195978375931e-02
9.613150838132368392e+01 2.472420122936783496e-02
9.670452393341581399e+01 2.547749564427305782e-02
9.727716170795376627e+01 2.564870335335840690e-02
9.784667185465269768e+01 2.567922510101175795e-02
9.841142565710757140e+01 2.536556186616015923e-02
9.899257075070744349e+01 2.414049834821850940e-02
9.966776163490314389e+01 2.229220684748884490e-02
1.003746059137094875e+02 2.079795621669278116e-02
1.011402527232274906e+02 1.883899533403136581e-02
1.019348074751622164e+02 1.756010762365768293e-02
1.027723176004939631e+02 1.602065669297866868e-02
1.036415014981661216e+02 1.452867707419460558e-02
1.045391349623685926e+02 1.377385255065832585e-02
1.054745624670860735e+02 1.271968891161673852e-02
1.064311549518628510e+02 1.198975500175615549e-02
1.074200877497476796e+02 1.118812688319019075e-02
1.084389737550728512e+02 1.037737747509973052e-02
1.094803669844551024e+02 9.792162575115821374e-03
1.105497658027815220e+02 9.157816732356972855e-03
1.116471726513110525e+02 8.548404549208585626e-03
1.127691583912012163e+02 7.940107336643130106e-03
1.139151247181573297e+02 7.471313278845937052e-03
1.150873695103197321e+02 6.987604380593959684e-03
1.162846571508001006e+02 6.505322779093361020e-03
1.175069761202517782e+02 6.081308092693343131e-03
1.187535738332985886e+02 5.646606112386230725e-03
1.200249645935046203e+02 5.292889772958248897e-03
1.213201560563076384e+02 4.908774803541966769e-03
1.226411677320089950e+02 4.567779833650382343e-03
1.239879020627835615e+02 4.212732142882629621e-03
1.253592869629382704e+02 3.913565993732331591e-03
1.267553213779004011e+02 3.624564289703035257e-03
1.281783860043750281e+02 3.363673512529880699e-03
1.296270437263771953e+02 3.101278070855090739e-03
1.311024712586592500e+02 2.875595182647544979e-03
1.326053692113629268e+02 2.645260199585983563e-03
1.341352723518846801e+02 2.443348984853870899e-03
1.356940402411885032e+02 2.240127731722999643e-03
1.372816185182365132e+02 2.073174053735949394e-03
1.388991727484514911e+02 1.908775256949077391e-03
1.405478297153264862e+02 1.746712224553982487e-03
1.422277313696533270e+02 1.603277576454579124e-03
1.439409565128300699e+02 1.474356488050711407e-03
1.456877282599340049e+02 1.349499763385425067e-03
1.474702773863273251e+02 1.220877677357329067e-03
1.492907772442887335e+02 1.115132534333183618e-03
1.511488997125496496e+02 1.006075964085206137e-03
1.530480874780887461e+02 9.110413035486098800e-04
1.549892330882527176e+02 8.244676473228578113e-04
1.569769639621401893e+02 7.388592324429348220e-04
1.590109861881467168e+02 6.809133796443531767e-04
1.610960684976081723e+02 6.176236487322107243e-04
1.632358213966912786e+02 5.582863768374221212e-04
1.654322254163072046e+02 5.064033448819296518e-04
1.676921893796752556e+02 4.675662229248818847e-04
1.700185032046997264e+02 4.264729249575399824e-04
1.724179314686504938e+02 3.928680547058955685e-04
1.748982320612929868e+02 3.627305869290726906e-04
1.774654524748157769e+02 3.336231701677644964e-04
1.801304753717421931e+02 3.141691987541876891e-04
1.829049707155510589e+02 2.962676014345503434e-04
1.858024687521050851e+02 2.805429694364510351e-04
1.888412745230963594e+02 2.768892250132721188e-04
1.920436087510572065e+02 2.749321413431479364e-04
1.954385277489027430e+02 2.548458982144036428e-04
1.990662233292325709e+02 1.442783552548753930e-04
2.029834127748636377e+02 3.905553134458142973e-05
2.072724586810275298e+02 -4.218494546100178086e-05
2.120679333576293857e+02 -1.054453806366432755e-04
2.176121891818395397e+02 -1.457279479600021173e-04
2.244514576106237485e+02 -1.585773113042736966e-04
2.349127283248743083e+02 -1.394296225992372983e-04
