2.536377752033526889e+01 -1.680506401193074652e-03
3.897017482772566410e+01 -6.520886696065405011e-03
4.624222424605111570e+01 -4.689003651876365135e-03
5.161607530166736524e+01 -3.038938424596395078e-03
5.599725877053302270e+01 -6.267489844507636351e-04
5.976896934843819054e+01 1.681483401603390410e-03
6.308777944167189133e+01 4.012148808383186015e-03
6.605614226968469893e+01 6.298356524959142742e-03
6.874138844532646431e+01 8.600965301856652867e-03
7.119197117934322705e+01 1.098150046547557990e-02
7.344280949356435428e+01 1.362078852446972285e-02
7.552514362023077865e+01 1.631673924296385761e-02
7.745841816410013791e+01 1.922157732086346438e-02
7.925908694886020101e+01 2.218619590441130510e-02
8.094329359712142491e+01 2.536617489712544513e-02
8.252054376130500657e+01 2.870114387104379106e-02
8.400197744112250575e+01 3.231296057875000793e-02
8.539688908483017826e+01 3.595521947982634886e-02
8.670752778257717353e+01 3.992323477724467329e-02
8.794052291240278407e+01 4.373423432676159378e-02
8.910597459062097414e+01 4.885384827925933621e-02
9.020494094071618463e+01 5.397964866042973681e-02
9.123617866355964168e+01 6.026513185088912261e-02
9.220412448242562675e+01 6.612862397512776769e-02
9.312032769894139506e+01 7.489118598047814213e-02
9.396425006532697921e+01 8.065340453317347558e-02
9.475783825987595321e+01 9.338252563463272926e-02
9.548029013991896363e+01 1.017200434445951485e-01
9.613150838132368392e+01 1.101692598108209159e-01
9.670452393341581399e+01 1.137960115329839372e-01
9.727716170795376627e+01 1.146790409412337258e-01
9.784667185465269768e+01 1.148172031296020856e-01
9.841142565710757140e+01 1.132976150528650638e-01
9.899257075070744349e+01 1.072088959120930524e-01
9.966776163490314389e+01 9.798227717958628291e-02
1.003746059137094875e+02 9.048943867491875126e-02
1.011402527232274906e+02 8.076315993515678637e-02
1.019348074751622164e+02 7.449333714720010602e-02
1.027723176004939631e+02 6.707174929467016322e-02
1.036415014981661216e+02 5.976414731971586153e-02
1.045391349623685926e+02 5.614499218760461707e-02
1.054745624670860735e+02 5.124530224450650484e-02
1.064311549518628510e+02 4.764440018076755712e-02
1.074200877497476796e+02 4.394726716863407712e-02
1.084389737550728512e+02 4.026260954996459251e-02
1.094803669844551024e+02 3.748569025717499864e-02
1.105497658027815220e+02 3.457260016201041397e-02
1.116471726513110525e+02 3.190791402363504087e-02
1.127691583912012163e+02 2.918992694609981106e-02
1.139151247181573297e+02 2.715070285240553383e-02
1.150873695103197321e+02 2.498886025109443507e-02
1.162846571508001006e+02 2.299825047507869299e-02
1.175069761202517782e+02 2.106654344091735132e-02
1.187535738332985886e+02 1.919862048255796538e-02
1.200249645935046203e+02 1.772277510141911233e-02
1.213201560563076384e+02 1.618761727037919956e-02
1.226411677320089950e+02 1.480464466743165730e-02
1.239879020627835615e+02 1.352711694908884446e-02
1.253592869629382704e+02 1.233025533184284143e-02
1.267553213779004011e+02 1.117279462857879470e-02
1.281783860043750281e+02 1.010788103393980841e-02
1.296270437263771953e+02 9.179719767254068685e-03
1.311024712586592500e+02 8.302649959250103448e-03
1.326053692113629268e+02 7.439583914433905813e-03
1.341352723518846801e+02 6.724222756778084828e-03
1.356940402411885032e+02 6.024810188470092198e-03
1.372816185182365132e+02 5.416890878020283809e-03
1.388991727484514911e+02 4.836586213469864538e-03
1.405478297153264862e+02 4.308727321505166283e-03
1.422277313696533270e+02 3.826250384416025278e-03
1.439409565128300699e+02 3.384396251121626550e-03
1.456877282599340049e+02 2.986479266615038857e-03
1.474702773863273251e+02 2.622206552027250056e-03
1.492907772442887335e+02 2.304429662437929363e-03
1.511488997125496496e+02 2.024105099826168600e-03
1.530480874780887461e+02 1.765904304201161654e-03
1.549892330882527176e+02 1.550517193181409192e-03
1.569769639621401893e+02 1.349834015177195281e-03
1.590109861881467168e+02 1.215964336960594127e-03
1.610960684976081723e+02 1.099788713732430343e-03
1.632358213966912786e+02 1.005674607767450971e-03
1.654322254163072046e+02 9.303918321877505983e-04
1.676921893796752556e+02 8.943848673231186196e-04
1.700185032046997264e+02 8.700647343873072967e-04
1.724179314686504938e+02 8.531218539324448083e-04
1.748982320612929868e+02 8.473403701105251557e-04
1.774654524748157769e+02 8.661032489654510230e-04
1.801304753717421931e+02 9.198994260599623312e-04
1.829049707155510589e+02 9.729843602427147619e-04
1.858024687521050851e+02 1.034719081217333339e-03
1.888412745230963594e+02 1.130957505878632747e-03
1.920436087510572065e+02 1.246895321263120741e-03
1.954385277489027430e+02 1.255345596124096425e-03
1.990662233292325709e+02 7.944430041292574116e-04
2.029834127748636377e+02 3.332682620049301839e-04
2.072724586810275298e+02 -3.358519693384305751e-05
2.120679333576293857e+02 -3.286451617312218616e-04
2.176121891818395397e+02 -5.378592881088038648e-04
2.244514576106237485e+02 -6.345150357940961949e-04
2.349127283248743083e+02 -5.985056352662073038e-04
