2.536354994792880291e+01 2.994345979866816151e-02
3.897015412117387001e+01 4.228978001092238703e-03
4.624221467496500537e+01 1.591004513663671306e-03
5.161606344595265483e+01 7.534862473730429911e-04
5.599724175716634988e+01 6.310886598553487733e-04
5.976895973792415617e+01 8.037358940129627014e-04
6.308776659625054606e+01 1.140876238187390253e-03
6.605612760987074239e+01 1.521742357297970697e-03
6.874136307535600565e+01 1.964469825084439510e-03
7.119194506010227030e+01 2.433859181544982628e-03
7.344278079073207266e+01 2.973538484670069666e-03
7.552509481936003510e+01 3.519307612753274500e-03
7.745835395402656331e+01 4.138132338263391351e-03
7.925900343461323416e+01 4.736918932031077868e-03
8.094320259679149387e+01 5.423621781910258760e-03
8.252043743923489671e+01 6.121581841162273586e-03
8.400186175351659301e+01 6.855924531568654764e-03
8.539674216186374167e+01 7.577909757042348808e-03
8.670735521883534602e+01 8.366748936945164056e-03
8.794033978588164757e+01 9.120412219990351940e-03
8.910572463234078100e+01 1.010085018990969884e-02
9.020462421043635004e+01 1.105641811748647209e-02
9.123583180341887555e+01 1.217872202267858937e-02
9.220365169782904502e+01 1.325725592366191162e-02
9.311990314935437141e+01 1.476810476775857091e-02
9.396380519137309761e+01 1.580773506812229237e-02
9.475746345919780822e+01 1.801847312727514541e-02
9.547999285860164775e+01 1.946846217047373470e-02
9.613138324958207193e+01 2.087054222858309230e-02
9.670455642834323839e+01 2.152139388163638867e-02
9.727719247130292501e+01 2.164613401904333725e-02
9.784669243068981359e+01 2.169285910376186899e-02
9.841145658402218999e+01 2.141189206253483676e-02
9.899292630375458657e+01 2.037289197713122030e-02
9.966816350039400163e+01 1.885457568657464972e-02
1.003750566396874149e+02 1.760014540863455088e-02
1.011408188868694538e+02 1.593351440081889475e-02
1.019352451899462153e+02 1.486188007550587678e-02
1.027728846923008206e+02 1.357458707847025020e-02
1.036418890951675849e+02 1.232941762870379439e-02
1.045395277899769440e+02 1.165593870702190740e-02
1.054748803618737014e+02 1.076479599593893957e-02
1.064314238848608767e+02 1.013145007597406229e-02
1.074203151641632132e+02 9.445963931407440686e-03
1.084391854163057047e+02 8.748714351762028676e-03
1.094805531747550162e+02 8.248906928276887943e-03
1.105499276926379508e+02 7.704706181392378950e-03
1.116473197242709006e+02 7.195124427241099060e-03
1.127692771039042441e+02 6.664924180191520581e-03
1.139152330491528318e+02 6.256537224599697730e-03
1.150874786618759629e+02 5.841953986139616570e-03
1.162847464312303742e+02 5.422737873822798364e-03
1.175070617928826948e+02 5.038877661292098971e-03
1.187536511746297094e+02 4.673050979364432207e-03
1.200250280944679417e+02 4.372756059352120653e-03
1.213202128701941547e+02 4.029815744583252653e-03
1.226412116980688438e+02 3.744975881262365813e-03
1.239879505253176006e+02 3.440531431225740157e-03
1.253593316028482718e+02 3.185082612579250017e-03
1.267553585529434628e+02 2.949621521881453344e-03
1.281784245354535301e+02 2.724613332921399077e-03
1.296270571899322874e+02 2.497535751077487043e-03
1.311024924740847837e+02 2.304370037862016937e-03
1.326053928849522663e+02 2.115552859686994479e-03
1.341352952585081084e+02 1.940358387897145711e-03
1.356940595631169231e+02 1.780442318093384451e-03
1.372816329722425053e+02 1.637193945692061448e-03
1.388991778071912222e+02 1.509228180575096371e-03
1.405478412975106721e+02 1.381827998628357493e-03
1.422277419523159381e+02 1.261626310235131054e-03
1.439409700509697529e+02 1.158564096032020175e-03
1.456877321867614796e+02 1.055040806528090768e-03
1.474702881804135473e+02 9.533345434468283542e-04
1.492907829860691038e+02 8.650908702324950055e-04
1.511489036454773611e+02 7.850215208775107242e-04
1.530481012000217618e+02 7.161235546924334117e-04
1.549892445768326752e+02 6.458992215368732819e-04
1.569769735316704953e+02 5.924272999432346086e-04
1.590109916271698012e+02 5.493961552529776386e-04
1.610960737734177144e+02 5.123139379659704361e-04
1.632358228034828187e+02 4.711793054169837597e-04
1.654322378671454601e+02 4.410510712967222993e-04
1.676921909374356972e+02 4.284997364528207015e-04
1.700185155887732265e+02 4.112277845305094162e-04
1.724179396986929191e+02 4.064328254164051757e-04
1.748982440923912804e+02 3.980450966385667522e-04
1.774654628296883345e+02 4.012739940945646462e-04
1.801304877441594101e+02 4.192383604643452758e-04
1.829049865738455196e+02 4.399325411566326637e-04
1.858024898883759022e+02 4.753643357166695629e-04
1.888413133718223094e+02 5.378571029148473091e-04
1.920436573824096911e+02 6.362678985378871464e-04
1.954385142917367091e+02 6.828059482045767924e-04
1.990661664640269635e+02 4.922876628351050519e-04
2.029833788559526511e+02 3.114857192632078755e-04
2.072724343868417236e+02 1.764246472728317721e-04
2.120679160370564773e+02 7.573134554528477907e-05
2.176121765378840394e+02 -3.256548093631095812e-06
2.244514431223397537e+02 -5.274007009602813678e-05
2.349127165006245548e+02 -7.855322640955316577e-05
