2.536387694948021476e+01 -2.890290517834802168e-03
3.897018325904660685e+01 -5.170129295821615338e-03
4.624222820330861339e+01 -3.728249865299550214e-03
5.161607839245581175e+01 -2.226906595486519754e-03
5.599726355972388347e+01 1.748613220457598022e-04
5.976897718846014840e+01 2.497744858417430980e-03
6.308778712777492359e+01 4.884206425899076734e-03
6.605614434480484931e+01 7.238646995959659852e-03
6.874139285095617424e+01 9.627590319492305981e-03
7.119198653661273113e+01 1.209201108654586049e-02
7.344283287112354230e+01 1.485827269790084004e-02
7.552516072424037930e+01 1.768715621033799604e-02
7.745843941561901147e+01 2.075649974277987350e-02
7.925910777884224956e+01 2.386752862132998296e-02
8.094332149663141251e+01 2.719992969822682474e-02
8.252057421879374033e+01 3.071901852912145570e-02
8.400202010998434332e+01 3.448334673702962289e-02
8.539694085039567994e+01 3.835674018398042145e-02
8.670759124864375167e+01 4.256734767524288088e-02
8.794060282681071783e+01 4.660914047231716484e-02
8.910606187523143262e+01 5.201379804825724540e-02
9.020505107183215898e+01 5.747889782350883853e-02
9.123627801768540735e+01 6.413882470752536868e-02
9.220425096115171471e+01 7.026215186422431203e-02
9.312046738192046291e+01 7.957876520954171307e-02
9.396438069109805724e+01 8.565831766606404885e-02
9.475792137683481542e+01 9.914496077453580081e-02
9.548037335959502059e+01 1.079105236608971646e-01
9.613156300080925121e+01 1.170076507309902591e-01
9.670451750067658736e+01 1.208572635957424757e-01
9.727715129877891798e+01 1.218420921681918623e-01
9.784665882216620503e+01 1.219420144811414475e-01
9.841142399013978093e+01 1.203207890649185541e-01
9.899243171942244146e+01 1.138036387315712883e-01
9.966766051779632107e+01 1.039814073769914915e-01
1.003744839882741928e+02 9.602939375387438414e-02
1.011400871394189522e+02 8.568125340060384065e-02
1.019346612499199125e+02 7.906652672631962753e-02
1.027721654224210397e+02 7.118424663420572229e-02
1.036413771797537606e+02 6.344393665207301303e-02
1.045390033910614420e+02 5.960700155336132872e-02
1.054744592803804011e+02 5.444761037564794376e-02
1.064310596751216451e+02 5.065413174565120552e-02
1.074199981211244790e+02 4.668228162402211778e-02
1.084388981069825633e+02 4.278196799247560578e-02
1.094803018493677342e+02 3.982608334013487683e-02
1.105497101256061541e+02 3.670147413198594083e-02
1.116471275148211078e+02 3.390392137298271075e-02
1.127691111416451974e+02 3.101272548003171370e-02
1.139150832169115262e+02 2.886280126700082813e-02
1.150873414501107277e+02 2.655369934500627707e-02
1.162846187033269842e+02 2.443126426940177287e-02
1.175069458910205782e+02 2.241219258183074076e-02
1.187535457044206595e+02 2.044243655037976740e-02
1.200249416578492259e+02 1.888150277584330419e-02
1.213201359640443684e+02 1.723731934907903052e-02
1.226411446984514555e+02 1.577441558197837171e-02
1.239878832179061021e+02 1.441486891590893805e-02
1.253592739971849852e+02 1.312783550049695554e-02
1.267553052357284571e+02 1.192631851514882810e-02
1.281783779015432856e+02 1.080332112851097905e-02
1.296270308935495450e+02 9.820345042289851598e-03
1.311024652870192142e+02 8.882059230648902196e-03
1.326053569377107806e+02 7.970111823038117035e-03
1.341352674242741045e+02 7.186635971089463427e-03
1.356940350785206988e+02 6.466188866858606048e-03
1.372816089436933851e+02 5.814131730823963139e-03
1.388991629916580450e+02 5.187591294399936798e-03
1.405478219735189782e+02 4.635766512504449835e-03
1.422277218045365998e+02 4.099707708868817989e-03
1.439409535553664341e+02 3.644225304556384087e-03
1.456877225180010100e+02 3.209288470805614791e-03
1.474702737602488583e+02 2.817426164632652174e-03
1.492907769841220045e+02 2.471785691205496266e-03
1.511488964121697052e+02 2.165244249981052548e-03
1.530480871482107261e+02 1.871568342795133311e-03
1.549892292014074542e+02 1.639492192700871308e-03
1.569769648820259249e+02 1.421362725227026886e-03
1.590109860317201083e+02 1.265669635057118086e-03
1.610960665972651498e+02 1.131940081393774215e-03
1.632358175749073155e+02 1.005052630069597826e-03
1.654322205155555139e+02 9.065590354316836611e-04
1.676921838775055278e+02 8.474699933442075622e-04
1.700185005717457898e+02 7.926574729213459614e-04
1.724179272069827960e+02 7.483738383248357507e-04
1.748982310653190382e+02 7.083682273425523541e-04
1.774654475638814404e+02 6.806220668807813796e-04
1.801304672153723061e+02 6.916959042919528259e-04
1.829049599773937302e+02 6.776107628871262320e-04
1.858024570702896199e+02 6.638508289245343818e-04
1.888412610835295027e+02 6.502918895689050816e-04
1.920435866306718253e+02 5.977375559892199276e-04
1.954385342207565941e+02 4.895998652165986292e-04
1.990662526780332655e+02 1.809222386990398093e-04
2.029834272238644814e+02 -1.357845779797651358e-04
2.072724678851895703e+02 -4.022363097425326640e-04
2.120679394425296209e+02 -6.235786519522228512e-04
2.176121959934106656e+02 -7.705788447476375706e-04
2.244514622738244611e+02 -8.045351141901203526e-04
2.349127303750599367e+02 -6.976365118777799225e-04
