2.536354994792880291e+01 1.028308422816270624e-03
3.897015412117387001e+01 -1.009403555652948342e-02
4.624221467496500537e+01 -7.303306024217954759e-03
5.161606344595265483e+01 -5.242166675800497520e-03
5.599724175716634988e+01 -2.811021570909210017e-03
5.976895973792415617e+01 -5.460823959680785643e-04
6.308776659625054606e+01 1.676578979230665054e-03
6.605612760987074239e+01 3.747430171506904977e-03
6.874136307535600565e+01 5.842503058247162061e-03
7.119194506010227030e+01 7.977556776072836434e-03
7.344278079073207266e+01 1.031624325800114053e-02
7.552509481936003510e+01 1.267345152310011235e-02
7.745835395402656331e+01 1.523448214337682141e-02
7.925900343461323416e+01 1.768835223897437248e-02
8.094320259679149387e+01 2.042572102053531388e-02
8.252043743923489671e+01 2.325000764901602804e-02
8.400186175351659301e+01 2.633036643881006209e-02
8.539674216186374167e+01 2.939602381111595941e-02
8.670735521883534602e+01 3.278521077724116939e-02
8.794033978588164757e+01 3.598183026228457537e-02
8.910572463234078100e+01 4.032719522463277390e-02
9.020462421043635004e+01 4.469711628115875801e-02
9.123583180341887555e+01 4.991893177678873722e-02
9.220365169782904502e+01 5.478259337597257000e-02
9.311990314935437141e+01 6.218123371624513507e-02
9.396380519137309761e+01 6.701566102778136469e-02
9.475746345919780822e+01 7.774453838362826996e-02
9.547999285860164775e+01 8.484180485900980062e-02
9.613138324958207193e+01 9.174255511074065617e-02
9.670455642834323839e+01 9.482888635023838109e-02
9.727719247130292501e+01 9.555569784717420079e-02
9.784669243068981359e+01 9.570046564231965425e-02
9.841145658402218999e+01 9.441908234674104006e-02
9.899292630375458657e+01 8.933248440221622233e-02
9.966816350039400163e+01 8.176553019216759033e-02
1.003750566396874149e+02 7.540889260745906042e-02
1.011408188868694538e+02 6.725973982284906560e-02
1.019352451899462153e+02 6.203697338168242398e-02
1.027728846923008206e+02 5.579252303694230003e-02
1.036418890951675849e+02 4.978208933503464051e-02
1.045395277899769440e+02 4.667418102323795531e-02
1.054748803618737014e+02 4.261094952273571795e-02
1.064314238848608767e+02 3.964390531175907700e-02
1.074203151641632132e+02 3.650165896039105073e-02
1.084391854163057047e+02 3.342417383477312709e-02
1.094805531747550162e+02 3.111693021889453195e-02
1.105499276926379508e+02 2.867985181577637280e-02
1.116473197242709006e+02 2.651042355795632174e-02
1.127692771039042441e+02 2.420289942372574540e-02
1.139152330491528318e+02 2.251125305764775653e-02
1.150874786618759629e+02 2.070281247919468146e-02
1.162847464312303742e+02 1.902392527015397267e-02
1.175070617928826948e+02 1.744418289517135623e-02
1.187536511746297094e+02 1.588080337786221610e-02
1.200250280944679417e+02 1.465940327542090103e-02
1.213202128701941547e+02 1.332955786103945037e-02
1.226412116980688438e+02 1.218244441133596763e-02
1.239879505253176006e+02 1.109649099692658000e-02
1.253593316028482718e+02 1.013208485776191659e-02
1.267553585529434628e+02 9.164650330199350381e-03
1.281784245354535301e+02 8.253486476286934354e-03
1.296270571899322874e+02 7.509364525147343289e-03
1.311024924740847837e+02 6.773306455322614453e-03
1.326053928849522663e+02 6.044078423028051428e-03
1.341352952585081084e+02 5.426522748030389830e-03
1.356940595631169231e+02 4.877403656309097987e-03
1.372816329722425053e+02 4.378301984797564918e-03
1.388991778071912222e+02 3.887987699697353309e-03
1.405478412975106721e+02 3.464992088196664887e-03
1.422277419523159381e+02 3.069636255221695493e-03
1.439409700509697529e+02 2.711667026827385869e-03
1.456877321867614796e+02 2.401880878560578355e-03
1.474702881804135473e+02 2.108102994251090899e-03
1.492907829860691038e+02 1.842978440551205650e-03
1.511489036454773611e+02 1.638013027517325236e-03
1.530481012000217618e+02 1.446267957568383306e-03
1.549892445768326752e+02 1.290814016512927464e-03
1.569769735316704953e+02 1.163876329109471116e-03
1.590109916271698012e+02 1.087855590591348164e-03
1.610960737734177144e+02 1.037346381037017665e-03
1.632358228034828187e+02 1.002674413649546530e-03
1.654322378671454601e+02 9.871195158127330817e-04
1.676921909374356972e+02 1.027544177467273325e-03
1.700185155887732265e+02 1.074499016073443818e-03
1.724179396986929191e+02 1.147378561402287618e-03
1.748982440923912804e+02 1.230542906795597212e-03
1.774654628296883345e+02 1.361704246533969060e-03
1.801304877441594101e+02 1.551390581328961245e-03
1.829049865738455196e+02 1.758482973202400408e-03
1.858024898883759022e+02 2.036398863450784857e-03
1.888413133718223094e+02 2.433453007958842271e-03
1.920436573824096911e+02 3.002915050279286908e-03
1.954385142917367091e+02 3.320184902773141294e-03
1.990661664640269635e+02 2.439740384157492847e-03
2.029833788559526511e+02 1.586456501854367502e-03
2.072724343868417236e+02 9.515629105550889918e-04
2.120679160370564773e+02 4.674647054351611952e-04
2.176121765378840394e+02 7.879076651384483781e-05
2.244514431223397537e+02 -1.839999224938369186e-04
2.349127165006245548e+02 -3.392348612208333615e-04
