2.536395421009054019e+01 -3.426177759922839367e-03
3.897018783599675373e+01 -3.571156850011459900e-03
4.624223095803372274e+01 -3.166861585141908433e-03
5.161608243971403454e+01 -2.583342846309974114e-03
5.599726644463153491e+01 -1.789353134810364948e-03
5.976897982381585450e+01 -9.440891675289273151e-04
6.308779121291099301e+01 -6.564479258201626384e-05
6.605614881622690859e+01 7.800664792711592670e-04
6.874140067668118093e+01 1.588219212942847038e-03
7.119199321961406213e+01 2.415192750266467476e-03
7.344283994384996106e+01 3.275898527626419296e-03
7.552517333654125764e+01 4.132455969649177080e-03
7.745845162331772826e+01 5.036287472239490103e-03
7.925912526128736602e+01 5.905342719435846023e-03
8.094334413220290969e+01 6.810873373379936618e-03
8.252060154365679523e+01 7.755601155438677542e-03
8.400204798923475380e+01 8.741971166503440666e-03
8.539697543525531387e+01 9.708134497840191154e-03
8.670763321564433568e+01 1.076445113129555903e-02
8.794064470200940775e+01 1.175177103380091806e-02
8.910612505381270410e+01 1.300822189691351605e-02
9.020512159447437739e+01 1.424648160100549545e-02
9.123635153950658605e+01 1.575867928981482258e-02
9.220435227163640945e+01 1.712386276533040333e-02
9.312055617721796352e+01 1.912330107380779201e-02
9.396447015130587488e+01 2.044599273718555182e-02
9.475799926421449015e+01 2.336665888730005136e-02
9.548043019578379642e+01 2.522754949717967085e-02
9.613158887000381014e+01 2.715733036546887774e-02
9.670450834391456851e+01 2.798653470664482293e-02
9.727714507643945296e+01 2.817696657716057748e-02
9.784664838784132712e+01 2.822243093103649417e-02
9.841142690093234080e+01 2.787461331457030331e-02
9.899235892542313309e+01 2.651251917598664368e-02
9.966757786278381559e+01 2.447218671479616664e-02
1.003743895057537259e+02 2.282329049089002956e-02
1.011399721277933139e+02 2.066066339523587800e-02
1.019345656196596508e+02 1.926232905556419031e-02
1.027720434981558668e+02 1.757477429808756986e-02
1.036412955774845415e+02 1.593510034606857029e-02
1.045389195118766850e+02 1.509763743373645703e-02
1.054743832833153192e+02 1.395200107184363207e-02
1.064309936522724911e+02 1.315533855102730271e-02
1.074199402469632361e+02 1.227683097360610966e-02
1.084388471600401118e+02 1.140206807920524784e-02
1.094802582687830323e+02 1.075791855321495648e-02
1.105496661664890894e+02 1.005890053555820625e-02
1.116470831124836991e+02 9.420957000939469625e-03
1.127690795679768456e+02 8.753559620882962397e-03
1.139150575123912148e+02 8.241896377164938461e-03
1.150873149723426963e+02 7.716001282167655670e-03
1.162845972669035604e+02 7.201956555271071987e-03
1.175069324282327585e+02 6.725619540473214315e-03
1.187535296658238195e+02 6.263356473695804241e-03
1.200249293091607541e+02 5.871703484412687732e-03
1.213201194868316009e+02 5.456728589988303971e-03
1.226411310650079400e+02 5.086138015043247494e-03
1.239878713735782725e+02 4.707214562310475456e-03
1.253592609297779887e+02 4.372182245131361888e-03
1.267552978642993509e+02 4.062180684127778170e-03
1.281783692348081729e+02 3.771445346255952735e-03
1.296270243749597739e+02 3.486606198382279521e-03
1.311024561887779498e+02 3.232868513733869534e-03
1.326053510522532122e+02 2.979391683127601432e-03
1.341352587766664897e+02 2.758347835397910973e-03
1.356940310775192131e+02 2.538022637906964685e-03
1.372816074360587493e+02 2.345752000650288844e-03
1.388991591909881436e+02 2.165740566631780325e-03
1.405478203288986094e+02 1.987551995503853558e-03
1.422277173737898011e+02 1.824317312267575292e-03
1.439409495579575093e+02 1.679361120685303205e-03
1.456877195062187411e+02 1.536989837837773225e-03
1.474702702799208396e+02 1.392983614908042001e-03
1.492907743629925506e+02 1.268254931348970728e-03
1.511488950191975675e+02 1.144268378097491618e-03
1.530480818475383273e+02 1.035352974796399650e-03
1.549892281073076958e+02 9.324618434584772044e-04
1.569769615535837204e+02 8.345898920561920994e-04
1.590109820510733698e+02 7.595047383737330710e-04
1.610960646508775085e+02 6.860063672866796580e-04
1.632358171333798964e+02 6.081632004709740203e-04
1.654322207619952394e+02 5.437777736092603729e-04
1.676921819584219975e+02 4.903603087133361592e-04
1.700184986197453441e+02 4.327684388414886887e-04
1.724179255838791391e+02 3.844574795269395818e-04
1.748982288038828585e+02 3.372449254741451802e-04
1.774654434649299048e+02 2.879660349475864512e-04
1.801304641331620644e+02 2.481603431120876606e-04
1.829049557257528704e+02 2.028418679506349394e-04
1.858024527695664858e+02 1.565410771736730554e-04
1.888412501925551794e+02 1.104596511079348553e-04
1.920435671739614349e+02 4.872751943983886212e-05
1.954385392838099733e+02 -1.622240438206920334e-05
1.990662732824509362e+02 -7.721427982275265250e-05
2.029834369883702152e+02 -1.347278971355888124e-04
2.072724732336467923e+02 -1.833615012362802596e-04
2.120679441916481096e+02 -2.193653128406699931e-04
2.176122002289034754e+02 -2.372265321710785482e-04
2.244514663031418422e+02 -2.259713741679094333e-04
2.349127341320175901e+02 -1.783524552942707933e-04
