2.536387694948021476e+01 2.016599554770303910e-03
3.897018325904660685e+01 -2.310986236600885268e-03
4.624222820330861339e+01 -2.401582681961358674e-03
5.161607839245581175e+01 -2.057984449267372985e-03
5.599726355972388347e+01 -1.393148328385139696e-03
5.976897718846014840e+01 -6.661799584046082046e-04
6.308778712777492359e+01 1.223066166105476462e-04
6.605614434480484931e+01 8.935866245840956307e-04
6.874139285095617424e+01 1.644443430560305498e-03
7.119198653661273113e+01 2.418277872006736277e-03
7.344283287112354230e+01 3.223960969900448691e-03
7.552516072424037930e+01 4.043331141698278813e-03
7.745843941561901147e+01 4.899021041773921926e-03
7.925910777884224956e+01 5.722299246082656991e-03
8.094332149663141251e+01 6.591368822927285570e-03
8.252057421879374033e+01 7.494698169181928174e-03
8.400202010998434332e+01 8.435749210419082530e-03
8.539694085039567994e+01 9.366517739581237817e-03
8.670759124864375167e+01 1.037947246712368765e-02
8.794060282681071783e+01 1.133885852964645544e-02
8.910606187523143262e+01 1.253819183471712589e-02
9.020505107183215898e+01 1.373113484195746629e-02
9.123627801768540735e+01 1.518985859072974516e-02
9.220425096115171471e+01 1.650023519390718049e-02
9.312046738192046291e+01 1.842611052147315187e-02
9.396438069109805724e+01 1.968669257160086603e-02
9.475792137683481542e+01 2.248740605777069940e-02
9.548037335959502059e+01 2.428611511597289149e-02
9.613156300080925121e+01 2.613458044214080067e-02
9.670451750067658736e+01 2.692979282381392780e-02
9.727715129877891798e+01 2.713723837217214829e-02
9.784665882216620503e+01 2.715920910252907911e-02
9.841142399013978093e+01 2.683287750236930738e-02
9.899243171942244146e+01 2.551846254212554801e-02
9.966766051779632107e+01 2.355639227827259485e-02
1.003744839882741928e+02 2.197455978311797439e-02
1.011400871394189522e+02 1.989712822490833158e-02
1.019346612499199125e+02 1.855257884100280918e-02
1.027721654224210397e+02 1.692495443297915847e-02
1.036413771797537606e+02 1.534726912823099546e-02
1.045390033910614420e+02 1.453878979686427583e-02
1.054744592803804011e+02 1.343904908296711040e-02
1.064310596751216451e+02 1.266173603184771006e-02
1.074199981211244790e+02 1.182368599314001338e-02
1.084388981069825633e+02 1.097604850131663964e-02
1.094803018493677342e+02 1.035779641928319915e-02
1.105497101256061541e+02 9.673371947676754831e-03
1.116471275148211078e+02 9.061345503456486733e-03
1.127691111416451974e+02 8.416888697379620171e-03
1.139150832169115262e+02 7.920309103986522895e-03
1.150873414501107277e+02 7.413918068422672286e-03
1.162846187033269842e+02 6.910861975149141037e-03
1.175069458910205782e+02 6.454794126316126639e-03
1.187535457044206595e+02 6.006542932825532227e-03
1.200249416578492259e+02 5.630512605130380543e-03
1.213201359640443684e+02 5.226965667508213717e-03
1.226411446984514555e+02 4.874292622663078771e-03
1.239878832179061021e+02 4.504350421064977003e-03
1.253592739971849852e+02 4.182652900231919636e-03
1.267553052357284571e+02 3.882192024809002964e-03
1.281783779015432856e+02 3.600029837995068552e-03
1.296270308935495450e+02 3.325808216001829246e-03
1.311024652870192142e+02 3.079249855531263069e-03
1.326053569377107806e+02 2.837825487748048530e-03
1.341352674242741045e+02 2.626359068431586771e-03
1.356940350785206988e+02 2.415491903676434109e-03
1.372816089436933851e+02 2.233403767863865932e-03
1.388991629916580450e+02 2.059238076012455572e-03
1.405478219735189782e+02 1.890334801560894723e-03
1.422277218045365998e+02 1.733012993674353875e-03
1.439409535553664341e+02 1.598188839984543896e-03
1.456877225180010100e+02 1.457573084118308007e-03
1.474702737602488583e+02 1.321400455071112222e-03
1.492907769841220045e+02 1.204120741166011524e-03
1.511488964121697052e+02 1.085730223663487065e-03
1.530480871482107261e+02 9.837648321637522224e-04
1.549892292014074542e+02 8.854371251804140893e-04
1.569769648820259249e+02 7.953566970389187646e-04
1.590109860317201083e+02 7.259231409653634686e-04
1.610960665972651498e+02 6.559633064487654193e-04
1.632358175749073155e+02 5.851805608009521490e-04
1.654322205155555139e+02 5.284052643211603574e-04
1.676921838775055278e+02 4.801317679085482875e-04
1.700185005717457898e+02 4.292267578646449008e-04
1.724179272069827960e+02 3.884649711797503752e-04
1.748982310653190382e+02 3.496023622543527809e-04
1.774654475638814404e+02 3.049223321834443855e-04
1.801304672153723061e+02 2.769806557369597615e-04
1.829049599773937302e+02 2.412300387383850238e-04
1.858024570702896199e+02 2.083820558162383888e-04
1.888412610835295027e+02 1.795515793523024765e-04
1.920435866306718253e+02 1.418187082276391490e-04
1.954385342207565941e+02 9.533565485108276441e-05
1.990662526780332655e+02 1.431216076087532969e-05
2.029834272238644814e+02 -6.314226393577983395e-05
2.072724678851895703e+02 -1.245664278497048832e-04
2.120679394425296209e+02 -1.726004224236060442e-04
2.176121959934106656e+02 -1.998225206583001639e-04
2.244514622738244611e+02 -1.985128128428509972e-04
2.349127303750599367e+02 -1.625923502831440207e-04
