8.314260070989205609e-01
5.884280210531510624e-01
3.968291100411394101e-01
2.818070780755203564e-01
2.108290950740999981e-01
1.633618711448662497e-01
1.295808469696711762e-01
1.044825880804780144e-01
8.527724122534553752e-02
7.028074143269835705e-02
5.840325191786679970e-02
4.889523509184198063e-02
4.121619293917150317e-02
3.496459185200188197e-02
2.983715728607750847e-02
2.560226572433538239e-02
2.208125134334941453e-02
1.913506750429275899e-02
1.665477766430994294e-02
1.455458986848461728e-02
1.276658815234362788e-02
1.123661835653417575e-02
9.921160391729381620e-03
8.785044497227830623e-03
7.799730660609561356e-03
6.941900340727006485e-03
6.192343509480453811e-03
5.535134929765932361e-03
4.957012215019595235e-03
4.446915325410232683e-03
3.995599334947083810e-03
3.595224223666096657e-03
3.239110347471117757e-03
2.921618828919050111e-03
2.637940463018793088e-03
2.383888372315112573e-03
2.155843475111612548e-03
1.950729597634833336e-03
1.765881731936460404e-03
1.598927204049998890e-03
1.447769575626505672e-03
1.310622048492390878e-03
1.185968090961345362e-03
1.072456588364868822e-03
9.688637340853170936e-04
8.741601215393716854e-04
7.875811538300695391e-04
7.085648694351846149e-04
6.366456077919253236e-04
5.715263844511210469e-04
5.132311440903206817e-04
4.620576553809774994e-04
4.184115810244120031e-04
3.827619476144143631e-04
3.557168626824726114e-04
3.379380046273768533e-04
3.298596008827457422e-04
3.314807117571623679e-04
3.423160914176929213e-04
3.613520784776353117e-04
3.869326980593216516e-04
4.167279311892917279e-04
4.479099560316696527e-04
4.774702802607769009e-04
5.025118558703882063e-04
5.204563774182403022e-04
5.292716024610017627e-04
5.277387899381199426e-04
5.155533339784922975e-04
4.931968256421101265e-04
4.617998511988738518e-04
4.230321930857563659e-04
3.788760634467098500e-04
3.313560040149184332e-04
2.823865755859366906e-04
2.336828572041858376e-04
1.866459228881704659e-04
1.423073307309602421e-04
1.013783988147636748e-04
6.430483858154441409e-05
3.128314000477718600e-05
2.292322671379942799e-06
-2.283592946344487358e-05
-4.434338101901916365e-05
-6.251320541288523107e-05
-7.767378118924363650e-05
-9.017916653074696109e-05
-1.003592382757589522e-04
-1.085039806024658331e-04
-1.148884457803992361e-04
-1.197759914528959352e-04
-1.233960951027175126e-04
-1.259409880136486278e-04
-1.275771044488891283e-04
-1.284492174882596231e-04
-1.286856251533507090e-04
-1.284049566585170380e-04
-1.277101190485762630e-04
-1.266779435867170964e-04
-1.253642249935755972e-04
