6.599317351860796155e-01
5.377784546538629806e-01
4.140884702848094401e-01
3.184741574037822098e-01
2.484946398007383539e-01
1.969303549312813595e-01
1.582169292997948340e-01
1.285895020810298994e-01
1.055319702271493715e-01
8.733668885156151140e-02
7.281535797131472032e-02
6.111748595200572343e-02
5.161813017197545983e-02
4.384840913452887901e-02
3.745114767514381993e-02
3.215108244277022770e-02
2.773399515056155368e-02
2.403178882653042581e-02
2.091168306071369484e-02
1.826823286385277981e-02
1.601728694945536366e-02
1.409132376651551360e-02
1.243586090523294760e-02
1.100671871847368893e-02
9.767907315508099833e-03
8.689948843682447979e-03
7.748553067548769567e-03
6.923594665683325232e-03
6.198324055474055752e-03
5.558753435718117447e-03
4.993152380900056121e-03
4.491613123329660055e-03
4.045729854346397092e-03
3.648364484560186541e-03
3.293419667037495238e-03
2.975642760639371932e-03
2.690506093589365051e-03
2.434115461129339290e-03
2.203095554487894368e-03
1.994490675156793992e-03
1.805717475000370937e-03
1.634544823293357678e-03
1.479050275174609210e-03
1.337557711789273858e-03
1.208609608281947193e-03
1.090988859789184711e-03
9.837407390627024052e-04
8.861439964418543107e-04
7.976726476209401945e-04
7.180266307125359902e-04
6.471846544474609345e-04
5.853724011785851628e-04
5.329710254773238403e-04
4.904590622393260532e-04
4.583807328311240571e-04
4.372338212341905480e-04
4.272678542876865446e-04
4.283043542801406086e-04
4.396322968011277506e-04
4.599356688032611110e-04
4.872369739517817410e-04
5.189260369365645501e-04
5.519304908612447267e-04
5.829921916888886708e-04
6.089611761322830065e-04
6.270598468833507881e-04
6.351314629349392310e-04
6.318527316666917729e-04
6.168200833586737165e-04
5.904865313340101939e-04
5.540326218546072880e-04
5.092039444288484502e-04
4.580894226405808015e-04
4.028840912458177053e-04
3.457078154916458932e-04
2.884749193075261437e-04
2.327902884309310748e-04
1.798981482374858759e-04
1.306942943057276486e-04
8.576080165041338808e-05
4.539858504333000596e-05
9.671100109660754211e-06
-2.153424576831578448e-05
-4.844461601181361332e-05
-7.136162328958339449e-05
-9.063960222658688770e-05
-1.066591863887614094e-04
-1.197942976853459630e-04
-1.303959964740991455e-04
-1.387950178467752069e-04
-1.452998500663343190e-04
-1.501868666907994114e-04
-1.536973874251520208e-04
-1.560421771449863233e-04
-1.574058075952714203e-04
-1.579511459479934700e-04
-1.578226784744142183e-04
-1.571444577736482372e-04
-1.560171378593812666e-04
-1.545220189350605055e-04
