2.189954334808556617e-04
9.905833992677110823e-04
2.121992975729314682e-03
3.337920639508829002e-03
4.376926932654775192e-03
5.060859134122294885e-03
5.323621102189650574e-03
5.199000639012245524e-03
4.783523961090578244e-03
4.194642660664761775e-03
3.538899981537350827e-03
2.895418553392642771e-03
2.312682120096513395e-03
1.813351372279939887e-03
1.402039008487746636e-03
1.072738791424445674e-03
8.144555609736942080e-04
6.148307692794818249e-04
4.621449621330450002e-04
3.462192073595821823e-04
2.586642561131037902e-04
1.927926536816037802e-04
1.433878114655801701e-04
1.064369223675312796e-04
7.887978035527763102e-05
5.839425145648855609e-05
4.322277405345912021e-05
3.203662007034445208e-05
2.383178065795936039e-05
1.784992651842251172e-05
1.351861641796722035e-05
1.040605457801695799e-05
8.186831702822097278e-06
6.616032036957572876e-06
5.509789466195528948e-06
4.730854901605237736e-06
4.178063366912777269e-06
3.778830672780637441e-06
3.484005407085367199e-06
3.264559303323440289e-06
3.109710775057258021e-06
3.026136139340508980e-06
3.037921849087831935e-06
3.186827219076720307e-06
3.532232244531580413e-06
4.149832259532890323e-06
5.127760604731920409e-06
6.558506794770184877e-06
8.524978985806487187e-06
1.107963040225699206e-05
1.421700097699785706e-05
1.784240818974285340e-05
2.174258371973612745e-05
2.556704006913923077e-05
2.883065347386946835e-05
3.094696281666555203e-05
3.129694472344643111e-05
2.932950947749484650e-05
2.467925211300953125e-05
1.727727006923500877e-05
7.426057409955460699e-06
-4.187252359909761876e-06
-1.655296894995610165e-05
-2.847163474503214533e-05
-3.873372239687189862e-05
-4.630869631117896112e-05
-5.050240426347583623e-05
-5.104985644738300950e-05
-4.812738722923215430e-05
-4.228833587801197999e-05
-3.434345563867769341e-05
-2.521669687903313817e-05
-1.580731775381665979e-05
-6.882034172218307711e-06
9.903515303371752442e-07
7.460826439071918687e-06
1.238617865709177016e-05
1.579131708788871009e-05
1.782068655548747841e-05
1.868939966707903062e-05
1.864120709854293504e-05
1.791683089537858569e-05
1.673327426017054390e-05
1.527281475529969123e-05
1.367945672279766404e-05
1.206043758009850837e-05
1.049066362313744810e-05
9.018438176246653786e-06
7.671361219018968429e-06
6.461729380247450260e-06
5.391111401140624514e-06
4.454012613715255751e-06
3.640685004841376839e-06
2.939207772134488911e-06
2.336980137559062577e-06
1.821754393493201151e-06
1.382309235604800820e-06
1.008834211416916066e-06
6.930747806013113097e-07
4.282780193797486216e-07
