1.919915570408197922e-02
5.583362448387185761e-02
6.298634200555924822e-02
4.838587497549089178e-02
3.031123369667586970e-02
1.573158039117398405e-02
5.428373617017227468e-03
-1.488062660285627455e-03
-6.034358978670456390e-03
-8.986637215972436560e-03
-1.086754682494848155e-02
-1.201343183053848324e-02
-1.264099746578603925e-02
-1.289524249325514453e-02
-1.287873701829712891e-02
-1.266758008293385543e-02
-1.231973032154074638e-02
-1.187966333609924777e-02
-1.138140215918638509e-02
-1.085071710732473001e-02
-1.030680923867646065e-02
-9.763624581403590463e-03
-9.230963946678199389e-03
-8.715467570039533984e-03
-8.221426821040597049e-03
-7.751380527294089891e-03
-7.306567809687401251e-03
-6.887298866906808523e-03
-6.493249104542958908e-03
-6.123692572735294111e-03
-5.777654370356986521e-03
-5.453970297946463333e-03
-5.151375822492206859e-03
-4.868608793942003250e-03
-4.604420149545233529e-03
-4.357559022896801207e-03
-4.126821866260401220e-03
-3.911095943348158119e-03
-3.709327133577127768e-03
-3.520484253570758514e-03
-3.343576384884839724e-03
-3.177688809757365021e-03
-3.021967406652933084e-03
-2.875561738167063501e-03
-2.737606461314933369e-03
-2.607264052208474719e-03
-2.483764565968687565e-03
-2.366369517112531726e-03
-2.254323624470420170e-03
-2.146922724961766726e-03
-2.043633752851218427e-03
-1.944108802116033914e-03
-1.848140768910482880e-03
-1.755698364430241607e-03
-1.667021920279263686e-03
-1.582605865722041746e-03
-1.503045067497124588e-03
-1.428897870399568545e-03
-1.360615670362317221e-03
-1.298453374498534157e-03
-1.242331887290673608e-03
-1.191757992926023623e-03
-1.145886977530632435e-03
-1.103688571612496507e-03
-1.064112111582415487e-03
-1.026209959478286034e-03
-9.892707530618372741e-04
-9.529592486301742505e-04
-9.173396763025373898e-04
-8.827588536146479137e-04
-8.497259065315745930e-04
-8.188208935803778206e-04
-7.905616207801866501e-04
-7.652757228179979951e-04
-7.430662689679824523e-04
-7.238306493202487871e-04
-7.072721886880362248e-04
-6.929410571835959440e-04
-6.803212512105623420e-04
-6.689019919238548603e-04
-6.582067295546544742e-04
-6.478128609609947689e-04
-6.373805825950807930e-04
-6.266740525944105135e-04
-6.155518837985576560e-04
-6.039360898683805452e-04
-5.917972151822302419e-04
-5.791597877991586877e-04
-5.660914137124476667e-04
-5.526730140835363651e-04
-5.389858518734020774e-04
-5.251167709257782441e-04
-5.111558118446777547e-04
-4.971873564490142481e-04
-4.832866249426188477e-04
-4.695168509481609026e-04
-4.559265871867291967e-04
-4.425547988301269434e-04
-4.294385641608346703e-04
-4.166119098534799923e-04
