3.539248469873054001e-07
7.646986504057866720e-06
3.854688306823894818e-05
1.087574974960249015e-04
2.206911998666533840e-04
3.590512017065316196e-04
4.963836875689954260e-04
6.043475082004024206e-04
6.639861668345353176e-04
6.703515607241284984e-04
6.309090867847091120e-04
5.602371163875517193e-04
4.742715188288620476e-04
3.862721772552072069e-04
3.051107296543031076e-04
2.353721289242163503e-04
1.783918575566047682e-04
1.334945456215302765e-04
9.902397212664880942e-05
7.303514215054706510e-05
5.368046376599309126e-05
3.937979477582860202e-05
2.886246508141233910e-05
2.114555812935275416e-05
1.548762693021191644e-05
1.133839512426033413e-05
8.293550383707755955e-06
6.057621334538933948e-06
4.415054750048801648e-06
3.208456634996367705e-06
2.322627741726933573e-06
1.673048607587896709e-06
1.197640386230093688e-06
8.508552202828260566e-07
5.993889944636260507e-07
4.190271470904033909e-07
2.923038222070169543e-07
2.067636235428031111e-07
1.536723475010604235e-07
1.270500689981045536e-07
1.229134101410763435e-07
1.386161158555841375e-07
1.721667731532345926e-07
2.213915371901352222e-07
2.828272149708440748e-07
3.503103603869560969e-07
4.133945630503948141e-07
4.559780358770777913e-07
4.558085285690906369e-07
3.857414804506535899e-07
2.175958639789625551e-07
-7.098372077522901038e-08
-4.871664166890497715e-07
-1.012873527132023081e-06
-1.597120105357618906e-06
-2.154594014591601878e-06
-2.573798180829816573e-06
-2.735939310561961056e-06
-2.542220358753660202e-06
-1.943344938212791037e-06
-9.624766279692383280e-07
2.969066577571669598e-07
1.663304785305771606e-06
2.928675786613220570e-06
3.891743048150129634e-06
4.401462019439885907e-06
4.388572122173435175e-06
3.876889659524826659e-06
2.972408041922436627e-06
1.834891951791473010e-06
6.411213834485786437e-07
-4.500171455507572555e-07
-1.322603964963313661e-06
-1.915077668017712284e-06
-2.218444979422284901e-06
-2.264962377300557062e-06
-2.112259704892137903e-06
-1.827494914389471731e-06
-1.474687839787403603e-06
-1.106637168328548475e-06
-7.613587980060852603e-07
-4.620740643557183480e-07
-2.194334075702527798e-07
-3.473969187108138010e-08
9.675522171903954839e-08
1.830340259218498399e-07
2.332072773939374253e-07
2.561239253285496181e-07
2.595875796988227911e-07
2.500244363590447819e-07
2.324507389573146491e-07
2.106111796937482733e-07
1.871914473279644656e-07
1.640403626879160029e-07
1.423649000141249353e-07
1.228830690352895778e-07
1.059353661125295640e-07
9.156545080868153626e-08
7.958432494470034976e-08
6.963008650616876055e-08
