5.236131273260259461e-04
6.819014944842429968e-03
1.594750031486616426e-02
1.854325122209829133e-02
1.546702282407986725e-02
1.095233448986898152e-02
7.117363430828871525e-03
4.408265760624552679e-03
2.651303805445075039e-03
1.556011878889741957e-03
8.801797154814982975e-04
4.589791100162991149e-04
1.915008068338573135e-04
1.984064854924200670e-05
-8.847186963641736224e-05
-1.523834807847416302e-04
-1.841536100586215093e-04
-1.926812723679515371e-04
-1.848782034906278592e-04
-1.661996153568736506e-04
-1.408924308899978822e-04
-1.121937557365950094e-04
-8.249139768812447683e-05
-5.344456394271662010e-05
-2.611230401128734587e-05
-1.112828070406297280e-06
2.124125485638162641e-05
4.085184519647184391e-05
5.776753652804965389e-05
7.214288780741398522e-05
8.419820969758328171e-05
9.415331290885594890e-05
1.022233201289240751e-04
1.086442769695684539e-04
1.136411060079281217e-04
1.173954751669096272e-04
1.200739968303368352e-04
1.218523907787372212e-04
1.228875126585063219e-04
1.232970628941303017e-04
1.231786675341431879e-04
1.226392428265347207e-04
1.217875614541541560e-04
1.207006611213354719e-04
1.194173331696775820e-04
1.179680871103407975e-04
1.163985096160793768e-04
1.147350648610873992e-04
1.129385067748806269e-04
1.109382388485832599e-04
1.086974198964038135e-04
1.061987982056100498e-04
1.034012880908655570e-04
1.002665819474041030e-04
9.683958279271129223e-05
9.325791195625055159e-05
8.968458042093585948e-05
8.627267530194869549e-05
8.317721653408175527e-05
8.053937168984873565e-05
7.842051117939224307e-05
7.675775045604750794e-05
7.539043285323466831e-05
7.412761551421807545e-05
7.279449566784351559e-05
7.124370297024933498e-05
6.938337956284970685e-05
6.723162462784602227e-05
6.491195042406345476e-05
6.257823893976728722e-05
6.037318669685880494e-05
5.842664538839447308e-05
5.682198041784957017e-05
5.556061622835473107e-05
5.458385632751293668e-05
5.380949123567187675e-05
5.313668889182219569e-05
5.245633120832061730e-05
5.168507394660631568e-05
5.078088262027468297e-05
4.972948691858941026e-05
4.853214656078401224e-05
4.720715520058333910e-05
4.579311278005747599e-05
4.433837355312938918e-05
4.288150159021737767e-05
4.144775476236945696e-05
4.006219304984741961e-05
3.875035350304151607e-05
3.752514489777067949e-05
3.638673515480907183e-05
3.533361720834814635e-05
3.436454091681453906e-05
3.347522293434310561e-05
3.265973991047686873e-05
3.191088241218884160e-05
3.121834384260657318e-05
3.057168757999813497e-05
2.996518430753813928e-05
2.939672484052662793e-05
